260.163
391.973
110.655
15.0355
18.4428
3.34704
-12.6398
-44.7523
-65.8673
-251.24
-613.186
-1144.09
-1453.3
-1636.82
-1841.95
-1887.23
-2185.96
-2423.45
-2711.12
-2947.63
-3222.78
-3326.45
-3405.24
-3509.59
-3627.3
-3684.25
-3749.52
-3755.76
-3756.18
-3748.08
-3770.77
-3765.44
-3771.63
-3723.25
-3691.76
-3745.47
-3751.87
-3759.89
-3743.99
-3742.14
-3748.6
-3735.12
-3746.97
-3757.58
-3751.18
-3741.49
-3739.52
-3728.08
-3730.18
-3718.23
-3711.4
-3714.5
-3708.96
-3700.59
-3677.38
-3641.44
-3638.11
-3586.6
-3635.68
-3605.46
-3590.91
-3587.97
-3136.87
-1941.95
-206.372
-190.766
-179.976
-291.403
-270.799
-173.143
-253.841
-259.751
-268.367
-341.745
-382.267
-648.092
-828.7
-1036.85
-1202.82
-1163.6
-1250.05
-1481.31
-2850.87
-3473.39
-3444.28
-3438.76
-3476.87
-3470.37
-2954.91
-3456.92
-3491.04
-3538.62
-3516.88
-3119.89
-2687.41
-2456.02
-2420.04
-2353.88
-2088.45
-1617.88
-1307.33
259.819
236.824
114.785
53.4484
134.152
36.2284
-8.75391
-43.4514
-54.534
-118.672
-510.474
-1068.23
-1378.31
-1498.47
-1920.81
-1995.18
-2047.28
-2521.44
-2642.99
-2894.85
-3216.46
-3325.64
-3434.13
-3547.34
-3568.61
-3681.24
-3750.8
-3755.99
-3756.24
-3754.72
-3754.08
-3758.09
-3772.56
-3721.83
-3673.25
-3741.28
-3748.83
-3745.18
-3739.25
-3731.49
-3764.15
-3739.68
-3750.06
-3705.93
-3747.88
-3749.99
-3740.67
-3729.64
-3726.79
-3726.47
-3713.5
-3709.4
-3705.12
-3697.68
-3689
-3658.37
-3610.55
-3626.07
-3614.97
-3609.49
-3598.1
-3578.88
-3578.11
-3225.14
-1916.76
-222.738
-205.793
-335.508
-307.76
-300.84
-303.386
-300.933
-295.723
-405.16
-518.83
-721.28
-933.644
-1117.77
-1276.22
-1224.51
-1383.63
-1465.71
-1647.73
-3464.08
-3439.77
-3459.03
-3463.38
-3455.94
-3473.1
-3472.66
-3459.74
-3465.56
-3175.67
-2888.43
-2607.34
-2460.93
-2450.53
-2298.54
-1554.25
-1155.76
-1127.61
200.307
141.417
51.7185
89.3531
108.31
29.1617
-7.31021
-33.8476
-61.5568
-103.313
-370.561
-901.975
-821.08
-1269.25
-1504.55
-2033.35
-2159.23
-2325.51
-2571.3
-2877.22
-3258.61
-3344.93
-3444.56
-3662
-3573.95
-3673.18
-3748.97
-3751.71
-3751.43
-3764.28
-3758.5
-3758.36
-3743.82
-3741.36
-3707.88
-3735.76
-3748.04
-3748.32
-3751.57
-3750.32
-3746.41
-3737.41
-3736.28
-3740.31
-3739.04
-3735.22
-3729.24
-3730.08
-3709.11
-3720.3
-3709
-3708.43
-3707.59
-3696.67
-3684.69
-3665.78
-3632.38
-3612.05
-3586.5
-3607.09
-3604.28
-3582.75
-3570.55
-3562.8
-3068.18
-927.367
-815.312
-577.816
-334.292
-347.542
-328.174
-342.107
-365.832
-503.218
-688.183
-869.536
-1100.72
-1264.81
-1394.79
-1299.95
-1400.28
-1865.41
-3367.15
-3483.39
-3446.39
-3441.26
-3449.95
-3431.16
-3468.4
-3459.79
-3451.54
-3411.86
-3042.74
-2634.95
-2427.7
-2576.5
-2219.33
-1635.09
-1234.8
-1065.17
-1004.02
266.72
84.4671
102.153
114.929
95.183
21.7226
-1
-30.2982
-57.7439
-86.3329
-195.101
-592.094
-774.967
-1249.29
-1395
-1678.5
-2008.54
-2376.12
-2718.53
-2849.37
-3318.68
-3396.43
-3490.35
-3570.02
-3624.3
-3703.87
-3743.73
-3773.48
-3751.55
-3725.92
-3755.33
-3738.18
-3748.13
-3756.33
-3744.01
-3741.84
-3741.98
-3737.86
-3749.88
-3745.12
-3738.76
-3746.57
-3738.25
-3740.55
-3739.46
-3743.19
-3732.2
-3726.65
-3716.91
-3712.51
-3717.59
-3709.02
-3700.05
-3695.96
-3690.81
-3675.6
-3651.18
-3612.41
-3589.18
-3592.85
-3601.56
-3549.85
-3563.05
-3568.88
-3541.17
-2208.57
-2140.77
-2287.43
-443.377
-400.241
-381.516
-398.455
-517.02
-707.586
-884.149
-1126.42
-1358.79
-1464.2
-1517.13
-1485.67
-1697.19
-3239.35
-3486.6
-3434.52
-3430.97
-3421
-3422.4
-3424.57
-3440.73
-3405.84
-3423.57
-3461.45
-3108.47
-2944.6
-2762.19
-2612.45
-1452.59
-1376.34
-1173.12
-1005.66
-880.709
217.456
107.402
96.6209
132.887
77.8542
27.0734
-1.68562
-25.606
-55.1721
-77.2764
-143.005
-271.214
-803.449
-1158.02
-1473.47
-1646.32
-2088.41
-2431.43
-2864.22
-2920.88
-3337.89
-3436.29
-3502.04
-3423.5
-3634.21
-3734.58
-3762.13
-3750.73
-3747.22
-3730.26
-3749.58
-3746.93
-3746.97
-3774.77
-3747.71
-3733.96
-3751.03
-3757.02
-3748.7
-3753.21
-3748.7
-3741.04
-3757.35
-3735.19
-3730.11
-3727.13
-3731.09
-3723.12
-3736.02
-3715.67
-3707.91
-3697.22
-3718.18
-3685.29
-3673.94
-3655.35
-3641.4
-3593.25
-3591.3
-3588.13
-3567.71
-3564.04
-3552.35
-3656.86
-3546.84
-3493.26
-3525.29
-2755.12
-1475.71
-480.069
-464.875
-637.13
-840.753
-1037.52
-1207.73
-1374.37
-1593.5
-1715.79
-1757.45
-1751.78
-2445.44
-3416.63
-3407.85
-3389.81
-3417.19
-3430.32
-3417.74
-3422.32
-3434.31
-3414.07
-3405.92
-3482.57
-3451.62
-3383.65
-3149.37
-2022.27
-1213.5
-1110.22
-1084.04
-905.035
-787.657
307.333
165.534
182.914
168.014
79.9429
21.1596
-1.32733
-22.434
-48.203
-66.8318
-109.57
-145.933
-549.918
-787.68
-1295.68
-1664.32
-1895.32
-2642.65
-2648.5
-2868.15
-3331.55
-3439.53
-3502.32
-3587.38
-3651.01
-3732.76
-3740.29
-3747.94
-3740.18
-3747.18
-3755.04
-3757.9
-3760.48
-3794.81
-3755.49
-3734.4
-3749.7
-3754.21
-3746.16
-3748.78
-3756.67
-3751.25
-3748.55
-3735.52
-3732.08
-3723.17
-3733.22
-3723.48
-3717.42
-3695.3
-3707.08
-3713.5
-3704.4
-3701.35
-3674.71
-3634.1
-3634.37
-3607.95
-3581.63
-3578.73
-3573.1
-3544.86
-3545.16
-3647.01
-3650.88
-3522.24
-2278.73
-1555.06
-1771.95
-1385.66
-1256.61
-1134.44
-1218.96
-1383.38
-1500.23
-1557.85
-1581.11
-1930.22
-1957.7
-3310.59
-3507.1
-3396.4
-3399.36
-3397.48
-3407.5
-3399.04
-3415.61
-3418.08
-3417.73
-3400.12
-3401.2
-3425.97
-3432.74
-3447.8
-3401.02
-2084.22
-1267.93
-1044.54
-850.291
-726.862
-635.381
414.295
188.914
130.308
148.124
78.6966
21.4523
-6.13853
-19.4473
-41.3626
-64.2995
-109.518
-132.478
-438.603
-823.433
-893.005
-1159.23
-1963.28
-2201.06
-2693.1
-2855.18
-3258.62
-3356.05
-3441.17
-3571.38
-3633.78
-3700.03
-3710.95
-3747.94
-3746.2
-3746.5
-3745.77
-3737.72
-3730.5
-3742.21
-3744.82
-3740.74
-3745.53
-3735.47
-3740.73
-3739.78
-3738.59
-3746.03
-3731.17
-3715.64
-3720.33
-3692.78
-3698.94
-3685.5
-3654.2
-3672.25
-3697.69
-3707.04
-3682.2
-3664.58
-3676.02
-3567.02
-3579.51
-3579.58
-3572.51
-3565.63
-3544.31
-3549.66
-3545.61
-3611.67
-3597.03
-3519.86
-3334.93
-1712.84
-1429.58
-1867.6
-1636.03
-1397.78
-1591.94
-1646.17
-1678.34
-1793.88
-1746.33
-2126.7
-2226.76
-2946.29
-3468.33
-3399.48
-3383.1
-3382.56
-3387.19
-3394.33
-3370.56
-3394.69
-3396.09
-3397.55
-3410.28
-3432.34
-3444.9
-3430.31
-3352.14
-2471.85
-1437.89
-1095.49
-655.786
-475.286
-274.771
552.817
263.214
95.512
102.541
95.5399
10.6348
4.29454
-15.3908
-37.8202
-59.1006
-73.1708
-131.248
-231.195
-787.866
-926.135
-1044.18
-1440.17
-1923.15
-2522.28
-2846.21
-3345.46
-3348.89
-3491.61
-3562.29
-3634.27
-3696.9
-3695.92
-3724.7
-3734.01
-3733.19
-3747.54
-3720.87
-3737.25
-3733.81
-3724.34
-3719.45
-3718.94
-3722.64
-3722.47
-3712.87
-3724.01
-3718.27
-3704.3
-3667.62
-3645.35
-3662.13
-3646.79
-3631.33
-3624.26
-3612.83
-3662.23
-3682.18
-3661.84
-3665.23
-3644.07
-3585.54
-3599.06
-3559.84
-3559.28
-3548.35
-3549.41
-3537.78
-3541.57
-3567.87
-3547.67
-3511.74
-3490.36
-1943.22
-1704.26
-2212.82
-1755.71
-1725.18
-1975.51
-1886.88
-2018.88
-2407.77
-2122.6
-2986.85
-3365.11
-3378.38
-3368.34
-3364.84
-3364.2
-3368.03
-3371.9
-3377.83
-3376.14
-3383.61
-3390.13
-3408.03
-3410.59
-3426.76
-3436.42
-3405.95
-3160.36
-1562.75
-1549.72
-897.996
-329.601
-130.531
-67.8357
773.43
260.749
221.813
94.3143
70.2475
16.387
4.40987
-8.5222
-30.862
-48.797
-66.35
-89.1582
-185.577
-571.588
-824.575
-1013.79
-1212.89
-1677.51
-2298.37
-2742.38
-3026.77
-3081.98
-3428.01
-3564.22
-3615.99
-3679.5
-3661.25
-3699.13
-3729
-3726.36
-3742.16
-3670.36
-3739.63
-3723.13
-3705.72
-3709.2
-3706.41
-3704.8
-3702.41
-3682.36
-3677.64
-3680.88
-3654.54
-3623.71
-3601.86
-3639.39
-3600.44
-3580.14
-3587.47
-3590.58
-3610.02
-3650.89
-3660.26
-3671.53
-3607.09
-3562.79
-3516.14
-3589.15
-3543.7
-3548.84
-3544.95
-3537.39
-3527.85
-3528.68
-3508.16
-3497.47
-3485.66
-2347.9
-2274.18
-2477.03
-2097.94
-1979.41
-2227.55
-2437.15
-2445.19
-3382.63
-3329.61
-3371.65
-3352.29
-3345.12
-3351.48
-3353.82
-3355.22
-3356.76
-3350.06
-3364.1
-3374.36
-3369.91
-3379.62
-3388.5
-3401.6
-3412.22
-3417.28
-2173.51
-2144.29
-1476.36
-560.228
-238.981
-63.8386
-61.0569
-64.0002
502.254
253.962
212.794
58.0069
40.0306
10.6671
4
-13.3303
-20.5661
-40.249
-51.973
-85.4947
-130.745
-375.957
-752.067
-916.618
-1138.81
-1527.58
-2017.69
-2598.68
-2528.91
-2834.09
-3310.57
-3526.88
-3597.16
-3618.65
-3642.08
-3661.83
-3711.42
-3705.86
-3724.64
-3711.53
-3714.07
-3708.57
-3678.16
-3669.08
-3684.84
-3664.61
-3687.34
-3634.99
-3615.82
-3608.18
-3600.47
-3566.61
-3550.07
-3553.89
-3522.86
-3542.89
-3547.08
-3547.74
-3569.49
-3609.18
-3629.11
-3613.01
-3594.77
-3554.45
-3538.39
-3515.38
-3523.76
-3526.5
-3522.28
-3497.74
-3516.18
-3498.35
-3497.94
-3487.82
-3480
-3473.61
-3446.62
-3066.75
-2989.67
-2571.8
-2569.62
-3390.43
-3380.52
-3382.25
-3365.95
-3354.27
-3346.77
-3320.7
-3319.29
-3312.4
-3311.74
-3344.5
-3319.9
-3328.33
-3328.79
-3338.29
-3348.96
-3369.16
-3388.18
-3412.76
-3397.91
-2081.6
-1024.96
-374.337
-138.452
-79.2752
-66.6456
-64.8373
-63.7611
231.045
201.938
134.281
51.8321
54.7149
9.14497
3.88837
-3.78688
-12.1872
-31.527
-47.3502
-70.7885
-101.358
-148.992
-503.598
-789.833
-1140.71
-1404.57
-1738.32
-2128.61
-2232.38
-2784.71
-3202.34
-3377.53
-3566.63
-3597.56
-3598.39
-3620.23
-3673.25
-3701.76
-3681.58
-3667.51
-3660.21
-3652.1
-3644.45
-3637.49
-3631.83
-3615.85
-3610.72
-3581.93
-3552.78
-3542.26
-3527.46
-3501
-3497.82
-3473.62
-3466.58
-3475.58
-3489.67
-3495.41
-3496.02
-3551.2
-3594.3
-3599.62
-3588.92
-3555.98
-3527.72
-3515.01
-3513.48
-3504.55
-3486.2
-3478.9
-3476.66
-3476.32
-3483.79
-3475.83
-3477.22
-3480.61
-3451.15
-3420.74
-3426.89
-3410.63
-3398.96
-3395.9
-3387.31
-3372.91
-3366.06
-3319.85
-3305.98
-3295.68
-3293.79
-3299.16
-3292.34
-3292.97
-3297.93
-3335.1
-3306.86
-3341.52
-3367.66
-3367.12
-3385.06
-3395.63
-3193.68
-1614.37
-412.443
-145.754
-109.919
-81.3087
-68.0384
-66.0296
-64.26
126.118
147.895
77.963
121.302
38.3931
7.5
4.52083
-4.95549
-6.7278
-37.2377
-50.1124
-59.0082
-82.5156
-125.865
-198.783
-627.774
-931.285
-1187.42
-1695.41
-2038.82
-2300.79
-2447.81
-3172.72
-3378.21
-3521.86
-3557.11
-3568.72
-3586.3
-3628.42
-3653.26
-3651.37
-3643.32
-3634.84
-3625.89
-3616.58
-3605.5
-3601.44
-3579.48
-3556.49
-3525.83
-3490.93
-3475.12
-3457.85
-3431.01
-3415.72
-3407.03
-3409.09
-3423.97
-3436.89
-3451.87
-3476.5
-3507.57
-3550.5
-3584.11
-3579.03
-3533.27
-3508.57
-3498.36
-3494.5
-3477.89
-3461.49
-3454.25
-3451.8
-3450.4
-3450.94
-3451.11
-3459.97
-3463.07
-3452.36
-3427.99
-3425.69
-3404.76
-3396.46
-3396.6
-3381.95
-3373.82
-3344.85
-3325.24
-3314.5
-3292.4
-3292
-3305.43
-3283
-3287.44
-3292.77
-3316.86
-3334.32
-3340.74
-3338.95
-3346.49
-3382.52
-3339.69
-2288.81
-671.64
-266.044
-130.144
-117.841
-86.9785
-73.2539
-66.9827
-63
120.961
79.0059
100.669
130.808
35.619
8.36381
2.45059
-3.01428
0.603726
-27.554
-45.4012
-54.1134
-69.2435
-104.622
-162.603
-428.199
-730.312
-877.379
-1325.85
-1806.89
-2188.39
-2349.01
-3171.47
-3381.85
-3489.68
-3524.9
-3538.93
-3561.84
-3602.51
-3614.84
-3619.58
-3619.08
-3610.64
-3595.45
-3580.92
-3565.19
-3551.82
-3529.96
-3500.99
-3470.93
-3438.13
-3407.98
-3382.19
-3337.14
-3302.95
-3301.14
-3331.85
-3369.94
-3397.02
-3419.24
-3454.94
-3482.53
-3512.52
-3542.71
-3532.6
-3504.41
-3478.18
-3464.42
-3446.18
-3436.67
-3432.19
-3426.97
-3426.62
-3420.46
-3417.05
-3416.78
-3428.42
-3443.93
-3427.32
-3415.96
-3413.02
-3393.85
-3392.22
-3386.75
-3382.21
-3366.52
-3332.38
-3313.48
-3306.73
-3276.87
-3286.5
-3316.38
-3281.09
-3290.37
-3303.13
-3308.73
-3329.67
-3331.55
-3339.42
-3357.08
-3370.87
-2151.14
-1408.28
-389.345
-149.588
-135.058
-119
-90.5563
-74.705
-67.4882
-63
135.908
106.307
165.447
107.422
32.5153
14.4213
4.12454
-4.18792
-3.89578
-14.7848
-40.1349
-49.8598
-58.4993
-87.0291
-134.873
-247.716
-678.315
-941.319
-1118.7
-1293.4
-1502.42
-1873.47
-2593.85
-3299.24
-3430.83
-3501.14
-3505.23
-3523.23
-3546.03
-3563.63
-3577.34
-3585.29
-3566.97
-3535.45
-3526.16
-3520.2
-3505.74
-3480.32
-3454.25
-3416.88
-3385.17
-3329.84
-3259.81
-3242.49
-3207.64
-3242.84
-3278.47
-3317.49
-3368.38
-3408.28
-3438.92
-3463.85
-3484.21
-3507.02
-3488.29
-3450.47
-3422.28
-3396.63
-3395.91
-3400
-3406.84
-3394.25
-3405.99
-3389.26
-3374.7
-3371.34
-3380.45
-3385.08
-3379.11
-3354.57
-3356
-3369.97
-3381.77
-3384.29
-3382.47
-3380.72
-3325.28
-3298.98
-3270.51
-3271.74
-3264.81
-3271.03
-3255.64
-3251.38
-3269.94
-3288.93
-3306.77
-3328.02
-3328.44
-3338.36
-3369.37
-2044.35
-990.998
-300.816
-155.548
-135.121
-118.811
-91.835
-74.3383
-68.3677
-63.3874
111.8
116.355
192.788
85.4471
39.0148
16.8645
12.9086
4
5
2.29545
-29.5637
-46
-54.788
-72.2156
-112.599
-192.151
-615.079
-998.089
-1210.68
-1145.53
-1307.35
-1385.36
-2319.68
-3222.02
-3329.29
-3422.83
-3446.15
-3464.39
-3472.64
-3499.39
-3512.95
-3516.75
-3512.94
-3480.6
-3467.08
-3452.93
-3450.94
-3431.54
-3399.52
-3363.68
-3315.44
-3233
-3148.13
-3137.86
-3140.04
-3207.11
-3250.64
-3285.97
-3341
-3400
-3428.11
-3448.03
-3458.12
-3462.91
-3440.54
-3397.15
-3371.38
-3349.15
-3350.31
-3365.78
-3360.68
-3345.85
-3347.16
-3335.73
-3301.31
-3315.39
-3325.62
-3322.54
-3326.77
-3291.45
-3292.13
-3324.01
-3348.82
-3360.03
-3372.08
-3378.71
-3352.38
-3312.31
-3297.91
-3274.71
-3243.75
-3236.03
-3231.14
-3250.3
-3270.14
-3285.76
-3292.5
-3322.54
-3318.42
-3371.44
-3349.7
-1802.56
-509.957
-196.798
-155.286
-137.755
-118.695
-90.368
-75
-68
-61.0868
100.738
141.557
168.264
82.6964
36.4593
20.9073
9.98987
8.41342
5.07235
3.15439
-13.7896
-40.6084
-50.5904
-63.5844
-89.752
-142.759
-588.296
-957.715
-1192.66
-1069.7
-1250.62
-1464.32
-2185.65
-2882.58
-3308.68
-3361.37
-3376.13
-3389.1
-3398.75
-3423.5
-3432.85
-3439.88
-3429.01
-3407.61
-3402.22
-3386.18
-3404.36
-3381.43
-3336.44
-3303.61
-3246.29
-3169.77
-3071.4
-3003.72
-3141.12
-3184.03
-3223.02
-3273.07
-3320.87
-3402.44
-3431.24
-3437.08
-3434.92
-3423.2
-3406.21
-3370.7
-3322.98
-3296.28
-3301.06
-3304.2
-3303.88
-3305.12
-3286.43
-3292.03
-3258.26
-3246.5
-3232.94
-3264.7
-3257.83
-3215.26
-3238.2
-3276.19
-3294.55
-3313.36
-3336.32
-3358.02
-3340.56
-3305.71
-3286.4
-3255.06
-3209.44
-3214
-3222.68
-3248.31
-3264.45
-3279.82
-3290.8
-3305.28
-3330.06
-3350.88
-2627.11
-1271.3
-388.921
-153.535
-156.593
-140.675
-117.771
-88.5821
-75
-67.5229
-62
173.555
150.852
160.275
82.4971
42.4511
21.187
13
10.5522
7.00099
7.15254
2.002
-31.0518
-45.7008
-58.4881
-77.7454
-126.415
-455.054
-805.455
-1009.47
-914.464
-1156.87
-1360.12
-2298.07
-2780.66
-3017.96
-3123.14
-3311.71
-3323.14
-3313.15
-3327.13
-3339.88
-3344.83
-3346.57
-3339.18
-3321.98
-3326.79
-3345.98
-3323.3
-3262.58
-3206.57
-3166.11
-3107.01
-2953.94
-2961.95
-3017.75
-3062.19
-3163.55
-3271.53
-3335.88
-3386.93
-3439.11
-3433.46
-3420.54
-3401.65
-3377.53
-3342.76
-3280.1
-3271.17
-3265.03
-3256.37
-3256.97
-3267.43
-3237.12
-3226.49
-3202.86
-3177.77
-3169.05
-3184.83
-3187.55
-3173.08
-3178.6
-3226.02
-3263.36
-3282.62
-3296.99
-3301.48
-3291.66
-3278.04
-3265.03
-3243.11
-3203.78
-3186.13
-3217.62
-3236.11
-3261.94
-3273.93
-3291.09
-3303.01
-3313.95
-3344.97
-1417.47
-897.754
-290.557
-166.675
-159.023
-141.035
-116.613
-85.6144
-72.6122
-64.7944
-60.5
214.488
157.181
98.7503
86.157
41.3684
20.2315
15.5792
12.109
8.11131
5.5
1.50673
-25.1489
-35.1129
-53.0679
-69.595
-105.066
-405.526
-729.884
-984.854
-926.758
-1191.63
-1628.88
-2014.36
-2510.12
-2998.96
-3016.81
-3234.27
-3235.15
-3217.99
-3228.38
-3229.56
-3241.09
-3266.54
-3261.42
-3238.81
-3260.78
-3289.15
-3250.12
-3196.6
-2982.7
-2612.96
-2485.26
-2613.28
-2827.05
-2616.71
-2420.77
-2472.98
-2743.67
-3343.44
-3370.38
-3411.4
-3413.37
-3402.07
-3377.66
-3343.48
-3285.84
-3246.02
-3238.38
-3228.6
-3205.15
-3204.09
-3203.49
-3177.6
-3159.86
-3129.69
-3105.48
-3099.65
-3102.86
-3117.51
-3112.05
-3111.45
-3170.87
-3203.28
-3227.05
-3256.91
-3273.46
-3249.6
-3250.84
-3241.79
-3231.35
-3215.11
-3172.67
-3204.78
-3234.41
-3247.46
-3270.92
-3288.27
-3287.16
-3318.07
-3311.87
-1233.14
-594.624
-232.635
-167.109
-160.485
-140.416
-113.877
-90.1024
-71.0065
-62.5
-59.2327
198.084
135.338
150.508
79.3625
35.8157
24.6893
19.8656
13.6547
12.067
9.7943
4.76307
-22.5076
-32.574
-47.3176
-63.1245
-91.1114
-323.223
-686.89
-974.155
-932.878
-1000.98
-1619.61
-1845.82
-2027.63
-2496.11
-2907.65
-3110.18
-3115.72
-3065.88
-3130.85
-3154.59
-3181.37
-3203.11
-3185.06
-3156.7
-3177.47
-3215.61
-3160.17
-2493.53
-2291.39
-2222.7
-2141.09
-2178.35
-2409.12
-2712.12
-2299.93
-2260.74
-2482.09
-3354.46
-3373.67
-3375.68
-3389.17
-3366.75
-3349.27
-3333.94
-3283.07
-3240.75
-3206.71
-3196.28
-3173.18
-3160.72
-3144.81
-3121.39
-3083.96
-3037.59
-3005.54
-3046.84
-3028.78
-3037.03
-3049.11
-3079.14
-3136.69
-3150.82
-3182.31
-3209.21
-3226.07
-3221.71
-3234.84
-3218
-3213.36
-3172.54
-3198.31
-3229.68
-3238.22
-3291.25
-3273.1
-3277.29
-3300.67
-3315.45
-3314.31
-1156.74
-445.651
-213.288
-166.272
-157.902
-141.128
-112.478
-87.6608
-71.956
-62.5867
-57.407
149.5
106.607
135.248
78.897
33.4097
27.8352
22.9346
13.8504
11.9059
4.88641
2.97806
-21.0737
-32.0971
-44
-55.5988
-76.7668
-273.659
-827.605
-1025.32
-975.909
-1158.8
-1567.3
-1779.67
-1733.36
-2427.61
-2698.19
-2972.99
-3001.91
-2896.3
-3003.3
-3063.38
-3125.97
-3109.13
-3087.63
-3033.84
-3051.68
-3073.24
-2297.34
-2147.97
-2079.87
-2070.42
-2055.46
-2076.03
-2216.95
-2225.36
-2190.39
-2224.35
-2205.81
-2439.92
-2263.95
-3380
-3299.18
-3267.83
-3308.7
-3308.32
-3274.34
-3227.73
-3171.37
-3152.63
-3136.85
-3117.11
-3087.47
-3056.83
-2996.06
-2952.23
-2972.06
-2977.98
-2950.91
-2944.87
-3001.47
-3003.01
-3036.27
-3097.44
-3131.04
-3158.87
-3175.33
-3169.4
-3188.07
-3179.46
-3179.94
-3142.79
-3210.91
-3243.29
-3273.58
-3274.72
-3284.5
-3292
-3299.43
-3321.01
-3314.57
-1097.16
-333.612
-216.444
-175.776
-163.812
-141.433
-104.558
-76.1388
-68.6576
-62
-57
97.601
87.8048
114.295
49.7231
30.8748
25.8858
22.1653
16.2415
10.1469
6.95925
2.21006
-19.4613
-33.025
-43.5612
-50
-67.5656
-284.321
-796.408
-1037.16
-1196.42
-1002.42
-1634.74
-1645.49
-1809.8
-2404.28
-2462.85
-2885.66
-2774.54
-2862.98
-2533.89
-2630.98
-2256.83
-2181.6
-2005.7
-2059.57
-2873.55
-2045.9
-2009.46
-2000.29
-1994.54
-2018.93
-2066.82
-2053.54
-2143.89
-2231.29
-2644.68
-2105.05
-2109.91
-2153.41
-2196.37
-2340.83
-3154.28
-3118.47
-3133.28
-3222.43
-3217.41
-3176.87
-3137.28
-3102.9
-3097.01
-3059.64
-3031.87
-3000.22
-2938.65
-2867.64
-2840.71
-2825.17
-2860.88
-2852.92
-2915.59
-2952.27
-2999.28
-3063.94
-3107.05
-3111.64
-3141.55
-3126.75
-3116.2
-3101.51
-3116.97
-3143.21
-3201.97
-3222.54
-3265.6
-3284.21
-3274.82
-3288.99
-3305.6
-3319.91
-3302.32
-1059.23
-258.071
-215.883
-186.926
-159.705
-134.623
-98.7961
-69.8132
-63.5
-59.8936
-54.0722
88.6447
66.054
41.1333
38.2004
30.4046
27.7846
21
15.6464
11.9092
7.54627
-2.53252
-18.5
-33.2938
-42.2789
-49.4138
-65.3582
-309.899
-727.784
-984.902
-1197.27
-1350.19
-1493.68
-1608.53
-1693.93
-2069.32
-1895
-1917.7
-2657.12
-2411.37
-1865.49
-1971.76
-1865.07
-1750.23
-1856.57
-1903.73
-2719.85
-1956.88
-1868.48
-1926.47
-1909.51
-1839.32
-1977.56
-2209.59
-1954.63
-2019.84
-2097.69
-2101.87
-2247.08
-2109.89
-2128.88
-2191.19
-3058.18
-2956.65
-2953.14
-3098.37
-3134.5
-3088.53
-3103.05
-3056.58
-3029.89
-2999.26
-2991.8
-2938.98
-2857.72
-2793.58
-2730.67
-2692.64
-2768.12
-2814.79
-2852.14
-2890.02
-2937.64
-2999.52
-3059.43
-3083.25
-3089.48
-3082.52
-3020.71
-3104.36
-3082.61
-3143.4
-3165.64
-3215.6
-3243.27
-3262.45
-3290.58
-3288.39
-3305.94
-3320.7
-1576.74
-698.538
-229.527
-211.089
-183.793
-157.59
-129.945
-94.4425
-68.4075
-64.0747
-58.5554
-53.2113
76.6005
41.5545
41.542
52.4408
35.5774
24.5
18.5075
14
10
6.06533
-3.20039
-18.6189
-35.0981
-42.272
-48.1001
-70.7043
-179.192
-700.916
-1000.54
-1203.62
-1343.93
-1512.87
-1606.86
-1711.01
-1609.26
-1638.8
-1687.99
-2482.81
-2137.91
-1804.65
-1525.02
-1665.53
-1633.7
-1647.33
-1938.74
-1670.76
-1819.99
-1826.52
-1796.34
-1896.34
-2073.67
-2090.58
-1809.38
-2049.9
-1959.91
-2181.27
-2110.9
-2142.48
-2262.34
-2046.66
-2065.28
-2841.06
-2858.35
-2813.07
-2962.69
-3032.69
-2981.79
-3014.93
-3001.82
-2970.04
-2959.14
-2921.76
-2895.86
-2784.07
-2682.09
-2620.61
-2625.14
-2664.43
-2702.98
-2758.3
-2828.82
-2881.02
-2936.43
-2972.88
-2995.41
-3012.59
-3006.35
-3086.73
-3120.6
-3164.75
-3177.48
-3192.14
-3194.54
-3220.17
-3253.44
-3264.08
-3284.02
-3304.28
-2885.21
-1559.85
-461.79
-224.465
-207.783
-177.916
-155.04
-125.1
-93.8816
-66.9613
-62.6216
-56.528
-50.7035
49.5963
78.5222
84.6817
64.7784
31.3674
24.3699
15.8595
12.645
9
5.46881
4.28114
-19.5656
-37
-43.522
-52.3197
-76.9089
-255.364
-779.117
-1037.45
-1209.16
-1405.72
-1512.72
-1613.63
-1696.2
-1656.81
-1676.57
-1654.25
-2251.15
-1909.72
-1681.94
-1498.77
-1494.55
-1466.34
-1645.6
-2070.84
-1613.97
-1887.21
-1704.06
-1651.49
-2231.18
-1845.83
-1756.82
-2605.58
-1961.83
-1826.64
-1786.94
-1982.18
-2462.62
-2405.72
-1966.63
-2105.61
-2048.06
-2301.17
-2642.11
-2772.67
-2873.5
-2849.67
-2921.45
-2870.73
-2923.35
-2896.96
-2800.97
-2777.31
-2732.7
-2588.71
-2515.33
-2541.15
-2579.46
-2652.34
-2711.64
-2751.27
-2819.14
-2861.71
-2914.34
-2951.41
-2965.51
-3027.96
-3092.1
-3123.95
-3172.26
-3193.81
-3185.9
-3182.45
-3203.19
-3230.89
-3253.22
-3285.73
-3298.39
-3298.5
-1562.98
-340.084
-214.5
-201.067
-173.99
-149.552
-120.897
-89.4389
-66.2434
-59.5762
-54.1394
-48
66.6722
109.482
103.512
83.9482
37.6829
22.9328
14.9362
13.1709
9.17294
2.17152
1.8031
-23.7337
-37.7541
-44.8608
-69.5688
-98.4713
-343.857
-782.18
-1013.95
-1262.52
-1380.77
-1451.01
-1578.71
-1654.52
-1688.59
-1747.58
-1497.97
-1513.46
-1519.3
-1669.6
-1494.17
-1501.54
-1405.53
-1407.95
-1830.31
-1532.62
-1541.87
-1545.83
-1898.85
-1683.54
-1773.03
-1922.55
-1764.06
-1951.92
-1801.78
-1869.57
-1918.73
-1932.13
-2141.55
-1891.05
-2051.3
-2272
-2150.68
-2541.98
-2651.4
-2738.86
-2753.84
-2822.58
-2779.19
-2796.32
-2798.41
-2759.19
-2695.02
-2601.02
-2507.12
-2400
-2445.26
-2554.9
-2628.38
-2700.38
-2739.63
-2770.78
-2816.08
-2862.14
-2890.09
-2942.29
-3003.41
-3078.29
-3101.73
-3151.96
-3178.23
-3184.24
-3207.28
-3221.5
-3235.73
-3260.43
-3267.67
-3294.58
-3292.28
-1072.46
-282.141
-211.024
-196.385
-167.098
-142.406
-117.218
-82.0814
-67.2729
-57.4339
-52.0171
-46.4588
93.5688
154.72
131.342
76.0263
31.7827
21.3937
16.7736
12.4185
12.157
-18.8864
-14
-28.3989
-39.3636
-56.2621
-82.0793
-119.203
-398.898
-675.184
-793.352
-1376.96
-1416.25
-1378.18
-1493.52
-1604.71
-1597.53
-1571.87
-1511.41
-1192.34
-1172.58
-1066.68
-1299.82
-1347.67
-1627.03
-1524.92
-1412.9
-1374.04
-1403.69
-1491.13
-1483.38
-1808.15
-1663.64
-1759.59
-1759.52
-1650.27
-1716.3
-1739.4
-2227.3
-1802.45
-2366.85
-1865.43
-1852.66
-1822.19
-1797.36
-1941.47
-2461.74
-2597.3
-2671.13
-2641.46
-2676.35
-2687.69
-2719.28
-2693.3
-2619.03
-2518.32
-2380.06
-2388.22
-2432.23
-2607.68
-2699.26
-2757.27
-2810.41
-2815.22
-2814.14
-2804.48
-2834.75
-2878.84
-2957.96
-3093.8
-3103.92
-3148.12
-3165.15
-3201.64
-3216.99
-3230.97
-3246.88
-3258.78
-3281.9
-3293.83
-3288.64
-862.823
-268.098
-205.1
-189.796
-154.388
-134.99
-104.183
-77.2827
-63.8295
-57
-48.0579
-44.1724
113.54
167.54
106.374
69.4839
39.1273
20.7736
15.4562
11
16.5895
-16.1681
-17.109
-31.065
-42.0757
-62.1429
-90.828
-151.308
-436.143
-620.559
-900.693
-1118.27
-1147.34
-1335.39
-1522.78
-1600.23
-1539.11
-1369.87
-1517.57
-1583.82
-1333.45
-1354.35
-1341.83
-1152.73
-1467.6
-1477.6
-1383.3
-1256.29
-1275.01
-1383.18
-1429.89
-1381.91
-1568.48
-1485.88
-1661.97
-1677.58
-1659.06
-1672.53
-1993.48
-1796.77
-2106.04
-1814.73
-2190.11
-1806.01
-1685.35
-2101.9
-2370.09
-2492.67
-2554.82
-2490.99
-2491.31
-2531.76
-2685.38
-2657.18
-2537.26
-2330.77
-2288.18
-2343.22
-2507.33
-2652.85
-2707.88
-2764.17
-2780.11
-2814.9
-2861.39
-2846.54
-2868.38
-2863.44
-3000.14
-3108.2
-3123.09
-3178.41
-3156.17
-3210.12
-3059.35
-3232.14
-3251.57
-3267.33
-3268.66
-3285.37
-3030.94
-706.38
-252.076
-196.514
-180.793
-152.626
-125.001
-89.1878
-74.2454
-62.222
-55.0832
-48.056
-41.1623
167.553
167.181
122.486
70.7704
47.6257
22.398
13.3156
8.69569
9.48927
-14.5474
-18.7463
-31.1628
-44.5785
-64.9982
-90.5295
-149.353
-434.708
-629.606
-856.405
-783.105
-945.861
-1350.58
-1351.34
-1517.37
-1493.22
-1512.73
-1496.67
-1354.59
-1292.22
-1685.24
-1639.11
-1121.33
-1224.55
-1206.53
-1156.36
-1396.02
-1244.36
-1523.64
-1537.37
-1402.31
-1437.41
-1771.28
-1417.55
-2035.02
-1592.93
-1567.28
-1943.29
-1800.63
-2209.85
-1765.96
-1627.41
-1647.36
-1627.65
-1519.32
-2310.63
-2341.13
-2406.41
-2346.4
-2329.58
-2429.91
-2542
-2503.62
-2406.97
-2241.9
-2208.33
-2297.24
-2559.28
-2638.72
-2688.06
-2749.86
-2799.96
-2818.88
-2873.1
-2885.59
-2883.65
-2937.2
-2966.58
-3023.12
-3128.59
-3148.26
-3187.58
-3201.8
-3220.17
-3236.69
-3249.92
-3241.55
-3277.88
-3086.45
-1492.48
-411.392
-239.822
-191.298
-167.766
-132.023
-102.546
-84.8635
-68.4054
-59.8648
-54.4583
-47.1658
-40.2991
203.39
175.42
118.428
75.6652
64.7051
35.3841
14.0796
10.6039
6.06696
1.24975
-18.1664
-31.2598
-43.8752
-64.8494
-89.5929
-132.576
-303.075
-514.803
-726.284
-809.364
-808.238
-1238.11
-1120.1
-1165.78
-1382.5
-1263.65
-1303.72
-1329.23
-1611.16
-1103.95
-1098.87
-1344.47
-1090.52
-1152.28
-951.913
-1031.8
-1325.25
-1102.84
-1430.01
-1390.67
-1260.5
-1378.77
-1406.87
-1472.42
-1624.01
-1551.04
-1568.79
-2097.72
-1973.08
-1594.6
-1897.78
-1742.62
-1492.34
-1398.94
-1462.95
-2198.43
-2263.42
-2190.27
-2188.57
-2323.61
-2373.88
-2361.81
-2241.05
-2090.85
-2164.24
-2347.49
-2502.31
-2615.38
-2676.5
-2737.4
-2794.33
-2833.18
-2866.04
-2895.78
-2926.3
-2937.02
-3006.49
-3031.28
-3068.34
-3147.19
-3181.55
-3194.62
-3221.61
-3234.58
-3249.15
-3262.66
-3261.32
-1458.41
-916.189
-360.053
-225.323
-183.906
-156.383
-129.242
-94.4243
-78.0385
-59.097
-57
-51.57
-46.0494
-40
195.357
163.733
127.043
84.564
57.8551
33.0361
17.1604
14.384
8.30697
2.76171
-18.3385
-29.8561
-41.7478
-60.9662
-83.6901
-113.962
-209.454
-421.667
-537.712
-806.492
-996.727
-1192.61
-1290.5
-1215.34
-1257.64
-1220.81
-1176.18
-1335.5
-1321.08
-1001.5
-1624.77
-1021.76
-977.966
-778.897
-892.733
-829.159
-880.836
-997.211
-887.766
-1046.52
-1185.48
-1348.91
-1384.71
-1485.28
-1278.23
-1564.46
-1405.99
-1397.34
-1568.86
-1406.75
-1505.56
-1530.37
-1461.76
-1374.33
-1372.04
-1363.34
-1829.83
-2050.6
-2074.01
-2177.24
-2256.73
-2182.16
-2060.21
-2006.32
-2194.22
-2390.26
-2438.25
-2505.16
-2572.37
-2689.2
-2744.84
-2805.82
-2836.91
-2885.15
-2958.26
-3006.02
-3005.79
-3029.46
-3088.17
-3126.66
-3179.66
-3206.72
-3231.02
-3231.81
-3214.18
-3247.78
-2870.49
-1115.45
-714.086
-324.98
-216.435
-174.395
-141.144
-119.557
-88.0006
-71.5286
-58.7031
-55.3887
-48
-43.5052
-38
241.257
180.32
137.833
107.273
58.4543
31.3432
21.2493
11.4599
6.93374
3.2197
-15.5089
-27.4031
-37.9388
-55.6978
-76.1052
-100.48
-154.32
-284.951
-456.498
-577.957
-937.704
-1131.59
-1092.14
-1198.89
-1112.36
-1132.95
-1182.72
-1215.73
-1297.08
-1032.01
-1022.21
-942.849
-794.189
-753.374
-874.041
-737.875
-814.861
-751.843
-901.234
-961.166
-935.124
-981.046
-1230.41
-1046.16
-1303.62
-1321.96
-1276.36
-1203.94
-1362.9
-1396.91
-1318.6
-1235.46
-1166.67
-1370.65
-1276.46
-1297.73
-1324.14
-1510.45
-1878.27
-2109.32
-2106.02
-1958.76
-1953.38
-1969.06
-2132.74
-2315.66
-2291.65
-2320.25
-2456.12
-2622.48
-2722.26
-2792.83
-2824.67
-2873.8
-2961.46
-3008.68
-3029.87
-3017.56
-3072.54
-3127.51
-3186.75
-3217.74
-3214.35
-3258.27
-3243
-3175.11
-1277.28
-930.531
-565.441
-294.868
-206.518
-164.928
-135.956
-104.432
-78.9794
-66.9455
-53.3568
-52
-46.5
-40
-34.951
255.165
186.332
138.712
102.19
64.1939
40.933
24.9553
10.2897
3.17807
2.86717
-11.1706
-24.546
-34.0044
-48.4279
-66.8447
-89.7018
-118.61
-180.925
-333.083
-541.705
-639.071
-934.007
-1037.22
-1082.85
-1084.28
-1086.99
-981.521
-944.904
-1030.29
-1205.88
-900.27
-1236.62
-886.842
-601.566
-525.324
-616.657
-556.113
-862.839
-738.274
-849.885
-760.199
-988.889
-765.379
-796.278
-922.006
-1005.64
-1161.26
-939.853
-1381.63
-1257.92
-1182.62
-1289.73
-1334.37
-1136.06
-1187.32
-1252.23
-1198.52
-1204.39
-1406.43
-1905.65
-1979.85
-1851.09
-1773.53
-1899.3
-1963.97
-2087.65
-2131.7
-2247.89
-2422.71
-2567.28
-2692.06
-2819.76
-2878.63
-2953.02
-2999.52
-3014.6
-3004.38
-3043.56
-3089.61
-3167.53
-3184.55
-3187.17
-3199.58
-3239.73
-3255.21
-2926.04
-1033.64
-790.253
-476.029
-274.571
-200.033
-152.344
-126.955
-87.1451
-72.5
-63.3215
-52.244
-49.4238
-44.4771
-38.5318
-31.543
270.705
200.146
148.561
109.763
76.768
46.7919
27.5
12.2306
10.5177
2.8912
3.01995
-20.5638
-29.6307
-40.7653
-57.0982
-73.7363
-97.9152
-131.939
-190.772
-345.976
-629.808
-702.052
-775.902
-939.893
-886.973
-840.629
-842.9
-853
-812.374
-802.184
-669.854
-748.201
-561.835
-553.31
-427.167
-444.999
-364.121
-562.837
-771.266
-871.804
-589.263
-791.086
-854.962
-853.121
-756.124
-911.245
-801.239
-1045.76
-905.656
-1100.63
-909.831
-1256.25
-1139.86
-1223.86
-1082.36
-980.961
-1112.91
-1114.03
-1072.11
-1432.38
-1691.42
-1552.7
-1705.81
-1792.88
-1968.01
-1885.55
-2026.86
-2232.67
-2445.48
-2533.92
-2665.06
-2854.99
-2906.44
-2971.93
-3016.79
-3052.3
-3040.03
-3068.16
-3121.79
-3162.83
-3139.47
-3200.3
-3224.4
-3240.63
-3230.19
-1338.6
-885.77
-664.979
-414.171
-259.118
-196.206
-141.507
-114.354
-77.9048
-66.8725
-60.3335
-51
-46.547
-42.2392
-36
-27.6401
251.3
215.713
161.382
119.366
84.1007
52.402
30.5913
13.961
12.5
10.974
0.100462
-15.3446
-24.697
-34.4687
-45.4425
-61.17
-81.5659
-102.001
-125.921
-169.523
-321.883
-460.087
-616.929
-743.135
-718.05
-647.575
-609.805
-416.488
-427.046
-529.482
-690.727
-374.249
-370.501
-356.331
-226.905
-220.156
-281.319
-195.151
-478.289
-561.815
-537.959
-382.158
-170.068
-714.745
-458.373
-742.051
-659.886
-590.586
-755.394
-771.699
-763.744
-931.13
-817.249
-835.804
-958.912
-1002.43
-1124.44
-1086.65
-1048.06
-1282.67
-1325.85
-1383.15
-1574.4
-1709.71
-1715.46
-1848.62
-2219.13
-2422.37
-2566.79
-2630.8
-2707.34
-2771.98
-2856.19
-2935.74
-2998.26
-3051.18
-3054.57
-3083.34
-3117.46
-3078.88
-3159.95
-3209.39
-3232.39
-3225.46
-2914.39
-1018.57
-768.322
-562.415
-374.371
-248.93
-188.813
-133.64
-96.3479
-70.0262
-64.662
-56.3857
-48.4159
-43.9474
-39.4609
-33.3653
-25.551
263.628
236.17
175.207
130.747
97.4823
64.3042
39.3162
23.9244
13.8845
12.8161
3.36076
2.2275
-20.3139
-27.9766
-36.8769
-50.1813
-64.2498
-77.9729
-88.8084
-88.355
-87.0196
-111.16
-197.26
-366.686
-431.414
-397.821
-367.591
-454.972
-340.748
-414.143
-258.409
-238.216
-201.407
-159.234
-225.14
-189.837
-228.847
-100.625
-190.68
-459.068
-382.535
-476.168
-397.871
-278.969
-377.517
-282.753
-419.957
-461.895
-469.976
-388.708
-555.145
-427.606
-850.461
-773.168
-873.065
-699.147
-849.025
-986.65
-1085.65
-1139.71
-1215.02
-1448.28
-1344.46
-1508.68
-1630.37
-1999.8
-2231.41
-2504.06
-2498.03
-2523.06
-2573.9
-2744.45
-2851.77
-2927.48
-2992.74
-2999.48
-3023.49
-3052.26
-3020.66
-3092.38
-3170.27
-3209.03
-3221.78
-3027.24
-1222.49
-832.925
-658.034
-476.471
-333.74
-239.098
-185.347
-124.284
-82.8448
-62
-59.9442
-51
-46.977
-41.4811
-35.4984
-30.0667
-21.0309
174.328
189.729
182.519
159.961
109.606
76.9994
48.3702
26.7081
24.265
12.6416
-3.9177
-4
-13.3996
-22.6604
-29.026
-38.5949
-49.9258
-60.2019
-66.127
-61
-63.0583
-68.0307
-88.7588
-114.54
-148.987
-168.968
-164.191
-168.382
-184.869
-147.913
-100.322
-103.311
-123.046
-107.916
-142.35
-107.139
-133.416
-167.035
-161.336
-284.105
-201.175
-148.375
-235.661
-174.121
-155.11
-170.109
-271.753
-165.091
-320.395
-242.411
-279.407
-288.607
-435.816
-493.45
-700.024
-578.217
-633.625
-852.707
-951.564
-993.422
-1240.36
-1346.57
-1300.47
-1447.04
-1753.87
-2052.33
-2312.3
-2390.51
-2345.17
-2480.71
-2651.76
-2784.34
-2825.87
-2887.77
-2921.26
-2946.87
-2976.93
-2948.97
-3043.76
-3099.65
-3168.42
-3167.91
-2790.5
-1181.37
-873.648
-710.849
-567.664
-423.412
-304.292
-227.9
-174.842
-113.9
-77.4351
-57.8511
-55.6831
-48.1754
-43.9558
-37.467
-33
-27
-19
140.676
169.109
197.25
175.694
135.502
83.8777
46.1172
32.5511
6.684
8.73988
13.9633
8.7138
1.02539
-16.3444
-22.8899
-29.5565
-36.9251
-45.2073
-50.4128
-51.7231
-52.7776
-55.5644
-61.8184
-71.6006
-83.8723
-85.0859
-84.7453
-77.3989
-74.1767
-82.8167
-82.2845
-78.9316
-80.6323
-90.4545
-86.7157
-97.6589
-98.5875
-102.284
-101.33
-108.137
-112.119
-100.813
-113.84
-102.224
-105.117
-107.951
-122.227
-129.943
-134.244
-125.554
-131.729
-213.841
-173.576
-225.85
-322.627
-430.704
-482.531
-659.727
-676.09
-935.531
-1207.85
-1295.94
-1292.97
-1454.85
-1835.95
-1915.26
-2166.64
-2135.92
-2402.61
-2440.43
-2606.95
-2677.05
-2779.19
-2825.48
-2856.26
-2877.87
-2879.96
-2975.52
-2993.71
-3051.46
-2750.37
-1341.9
-1017.33
-849.694
-726.475
-610.764
-487.223
-370.387
-271.386
-207.565
-147.014
-90.9619
-69.9512
-55.3172
-52.468
-46.4747
-41.9743
-34.9753
-29.4778
-24.4972
-15.0126
129.871
140.008
158.126
182.565
143.854
98.5882
68.7982
22.6043
32.9139
18.8023
14.221
5.53583
-2.75933
-4.65985
-17.1269
-22.6838
-27.7142
-32.7233
-37.6311
-40.8589
-44.2168
-47.7485
-50.3106
-54.4199
-56.9324
-61.2848
-54.1628
-56.4551
-58.7567
-59.1209
-61
-66.7854
-72.778
-69.9148
-70.2104
-74.0525
-78.9775
-78.7725
-77.5946
-79.9587
-81.5063
-78.7571
-78.5368
-77.4809
-80.3826
-81.7614
-86.4709
-95.4472
-98.0747
-93.9937
-98.9716
-102.573
-105.075
-104.636
-172.956
-174.176
-310.205
-424.088
-640.697
-922.141
-1102.41
-981.494
-1221.25
-1454.05
-1726.24
-1817.65
-1961.69
-2092.22
-2165.82
-2424.34
-2533.09
-2616.41
-2679.65
-2740.92
-2768.83
-2802.13
-2893.94
-2921.58
-1201.27
-1007.64
-925.299
-898.59
-791.55
-688.797
-597.003
-483.781
-382.07
-292.6
-227.664
-159.99
-102.797
-78.6045
-62.742
-50.6658
-48.1436
-42
-36.9917
-33
-27.4496
-22.4687
-14
98.1086
102.536
121.718
177.724
118.468
101.232
63.7678
43.9666
36.1922
27.4375
10.0239
10.4466
-1.62651
-0.589352
-6.44372
-15.6473
-22.5354
-25
-27.729
-31.8769
-35.6203
-38.7941
-42.0412
-46.6747
-49.7123
-50.7134
-50.07
-51.0683
-50.3194
-51.0814
-54.446
-61.1333
-64.9339
-63.2402
-63.0575
-57.3859
-57.7042
-61.8035
-61.2499
-61.0269
-64.8877
-64.5886
-64.0581
-64.4114
-66.3394
-67.7832
-70.2287
-73.3798
-72.8817
-71.2912
-69.4202
-65.4368
-64.0964
-63.7343
-74.0819
-93.3832
-123.688
-328.054
-734.914
-934.689
-954.399
-810.277
-1177.1
-1303.32
-1623.79
-1650.31
-1819.15
-2003.88
-2193.41
-2354.54
-2419.17
-2470.87
-2567.81
-2652.63
-2731.02
-2788.71
-2350.08
-1094.83
-893.392
-824.167
-754.42
-683.971
-613.393
-530.678
-441.046
-361.64
-286.548
-227.001
-173.372
-110.254
-80.9178
-69.7545
-58.0947
-48.6374
-44
-40
-35.5163
-29.5
-25.1272
-21.3621
-14.4396
97.4896
93.5508
98.7742
108.888
150.849
120.345
64.576
70.749
46.7827
28.8115
16.8218
9.17117
8.56113
7.39621
-2
3.45984
-14.1192
-21.3415
-23
-24
-26.9002
-30.1619
-34.4334
-37.0222
-39.9869
-43.5791
-45.4821
-44
-44
-46.7405
-48.9875
-53.088
-55.5898
-55.2903
-55.2116
-55
-53.3778
-51.6599
-53
-56
-58.1874
-57.238
-57.3084
-57.957
-57.9876
-58.8527
-59.2526
-58.3712
-56.9285
-51.944
-45.8617
-44.0856
-44.9406
-48.1965
-53.5145
-65.5806
-91.9237
-217.315
-527.07
-809.542
-732.241
-685.087
-855.626
-1196.63
-1431.89
-1520.03
-1720.22
-1955.84
-2092.27
-2244.09
-2395.18
-2494.45
-2579.57
-2356.68
-1368.14
-1124.05
-960.205
-851.046
-765.519
-681.421
-606.157
-531.479
-456.704
-386.764
-329.06
-269.531
-216.311
-174.006
-133.692
-82.7195
-72.7674
-63.3219
-55.1573
-44.0595
-40
-38
-32.0399
-28.8893
-23.5475
-18.3807
-12.0859
127.393
112.464
90.4131
69.8568
102.707
92.7808
47.7386
75.6133
54.2217
42.9599
27.9866
19.4312
15.5015
7.91979
-1
5.57202
2.8919
-14.1856
-18.1552
-21
-24
-27
-29.1846
-33.0685
-36
-38.4274
-38.7523
-39.7824
-39
-39.3995
-41.1904
-42.5423
-44.9914
-45.6002
-45.2313
-44.6924
-41.6949
-44.0211
-47.7396
-48.722
-49.4936
-50.2747
-50.2923
-50.2084
-48.7714
-48.6484
-48.5239
-45.1981
-41.0228
-35.3963
-32.9344
-32.7438
-34.5228
-38.9695
-45.3285
-54.9095
-76.5046
-454.206
-632.579
-639.254
-446.266
-479.299
-710.549
-987.35
-1267.11
-1467.35
-1768.53
-1958.32
-2100.27
-2276.14
-2379.81
-2476.24
-2547.1
-1428.43
-1135.62
-930.645
-809.102
-721.226
-640.269
-560.842
-487.427
-416.68
-357.483
-310.276
-262.425
-212.931
-180.053
-152.093
-103.545
-63.6409
-65.8091
-56.5
-50.213
-33.6671
-38.2411
-34.3165
-31
-25.998
-22.7504
-18.6618
-11
129.104
117.547
96.8338
96.8687
63.313
64.4151
93.0368
104.918
72.3232
43.9876
37.3261
25.6034
22.3085
15.6942
8.52125
6
-3.5
-4
-9.96687
-14
-17.6345
-20.4203
-25.1899
-29
-30.8777
-32
-32.8164
-33.0526
-35.4475
-35.0586
-35.8284
-35.7188
-35.3032
-35
-36.7558
-37.5604
-38.1827
-36.9131
-34.7476
-37
-37
-38
-40.3072
-40
-39.7839
-38.9441
-35.6715
-31.7643
-27.7081
-23.6744
-20.0816
-18.1744
-18.2779
-25.3965
-34.1904
-52.2922
-173.966
-369.137
-129.185
-129.068
-158.89
-257.089
-529.474
-882.781
-1256.99
-1431.56
-1768.35
-1932.11
-2117.57
-2243.01
-2343.44
-2415.79
-1641.01
-1265.07
-1008.59
-833.833
-718.699
-631.279
-542.524
-466.576
-405.665
-349.777
-306.604
-265.063
-216.684
-190.157
-168.979
-130.808
-84.1021
-61.9451
-59.8847
-50.0124
-39.1214
-36.5302
-35.1566
-32.9386
-28.9993
-24.001
-21
-15.9478
-11.2633
115.069
108.203
102.58
87.3632
70.8223
60.0612
95.3537
114.022
83.1769
61.1259
50.4567
40.3312
27.8975
4.57533
11.9983
-2
5.05971
-3
1.99046
0.364416
-9.8362
-14
-19
-23.3419
-25.6041
-28
-27.9583
-28.177
-28
-27.09
-29.8942
-28.2663
-27.0575
-25.3526
-29.1738
-30.0541
-30.3352
-30.5337
-32.5417
-32.4119
-33
-35
-37
-35.8691
-31.864
-28.8699
-26.6382
-23.7929
-18.8933
-13
-13.2712
-17
-17
-18
-22.8904
-34.3576
-46.9489
-70.6799
-88.2702
-99.7471
-115.029
-174.585
-547.295
-868.411
-1164.84
-1033.43
-1383.85
-1502.52
-1809.3
-2112.06
-2285.71
-2363.91
-1555.1
-1186.91
-934.436
-765.274
-646.912
-555.856
-471.581
-405.49
-358.957
-316.027
-278.715
-233.027
-197.961
-174.255
-148.327
-110.652
-58.6781
-57.3041
-51.9977
-45.8898
-37.7866
-35.7549
-33.8293
-30.6402
-26.652
-23
-19.153
-14.6408
-9.14145
122.527
127.737
116.435
93.8948
105.236
97.2936
103.038
122.305
101.383
52.5938
68.1821
44.2325
28.514
23.2188
15.1811
1.4129
5.82144
4.45243
8.04034
7.29936
2.02263
1.64072
-12.9113
-18.6863
-21
-20.2991
-22.1419
-20.5
-24.5556
-27
-25
-24
-24
-22
-23.9445
-25.1521
-25
-26
-26.1927
-27.0623
-30.9432
-31
-29.8744
-27.6539
-25.9307
-22.577
-20.4667
-18.2522
-12.2168
-6
-8.5
-15.3816
-17.8986
-18.427
-20
-26.0592
-36.2296
-48.822
-68.1851
-78.1488
-66.5541
-120.968
-229.336
-477.156
-698.684
-877.894
-1230.64
-1269.82
-1445.62
-1920.45
-1986.85
-2116.77
-1580.15
-1181.65
-894.821
-717.832
-596.284
-506.398
-430.778
-374.053
-334.046
-296.713
-256.239
-208.162
-178.476
-153.75
-122.61
-88.6543
-53
-52.1068
-47.0384
-41.7476
-35.008
-35
-31.5606
-28.3419
-24.075
-22
-17.5
-12.5339
-8
156.728
128.035
117.243
111.929
77.5715
116.04
119.772
127.482
71.9511
88.6349
82.4996
59.1217
38.7234
31.6144
18.3828
12.9481
12.3232
9.77588
12.9401
13.0041
8.68782
8.05811
3.5
-5.96854
-18.0033
-20
-18
-20.3662
-19
-21.1371
-21
-22.225
-22.8694
-23.66
-22.982
-23.4632
-23
-23.5
-22.3438
-25.7127
-27
-26.5535
-25.2758
-23.1048
-20
-18.6656
-16.2051
-12.5744
-7.04589
-6.43836
-9
-9
-10.0459
-12.8575
-14.7051
-17.8312
-27.6707
-37.9373
-51.6144
-52.7942
0.696451
-37.6109
-74.7202
-213.981
-348.507
-534.781
-816.826
-1148.49
-1271.87
-1634.21
-1772.75
-1928.36
-1697.11
-1173.17
-876.043
-688.778
-560.274
-471.906
-405.396
-355.554
-317.976
-279.886
-234.534
-190.725
-161.241
-99.8093
-96.6483
-58.308
-49.0676
-44.0587
-41.7824
-36.6052
-35.5613
-31
-29.5765
-25.5
-22
-20
-17.0515
-11.8221
-6.23954
181.491
166.227
162.472
117.151
109.169
100.134
129.81
124.103
88.5668
125.974
68.6713
57.147
45.0164
36.9885
22
19.0841
17.812
17.8758
17.4374
19.331
14.8999
10.7523
11.6754
4.42104
-10.3416
-15.4953
-18.506
-17.8016
-17.9409
-15.6563
-19.0264
-19.7371
-19.8312
-19.325
-22
-20.0282
-23.7811
-24
-24
-24
-24
-21.6341
-20
-16.4509
-13.8764
-10.3134
-6.76189
-7
-5.80683
-3
-2
-0.0559158
-0.353656
-1.60902
-0.980267
-7.77627
-16.9342
-26.359
-31.1099
-13.1682
-0.948585
-1.15519
-3.20417
-91.6786
-185.276
-351.273
-524.587
-751.026
-1099.84
-1319.68
-1507.67
-1642.92
-1633.66
-1174.94
-888.712
-676.277
-542.538
-452.321
-387.604
-340.478
-300.437
-260.051
-210.254
-176.245
-144.315
-90.3712
-62.2277
-49.9901
-42.4739
-41.606
-39.3581
-34.2053
-30.5
-30.6382
-28.2579
-23.5
-22.5944
-19
-15.9124
-10.3897
-6.54597
189.072
181.989
162.595
140.997
119.233
113.367
120.072
89.0759
128.389
110.434
99.1655
68.5934
66.2268
46.5014
28.3859
26.5675
25.8167
25.6444
23.311
21.4698
17.9304
15.4487
9.52384
3.31493
0.59113
-10.3074
-15.5
-17.8599
-17
-16
-11.8817
-17.894
-18
-19
-17.5
-18.7044
-19
-20
-20
-20
-19.8928
-16.567
-6.73785
-7.71482
-7.02458
-6
-6.06304
-6.9224
-5
-2
0.5
0
0.936675
-1.63078
-0.436963
1
-6.31055
-14.7821
-14.119
-7.56698
-0.721143
0
-0.966044
-47.0434
-75.3456
-129.543
-244.499
-366.679
-513.013
-824.13
-1171.96
-1250.26
-1350.28
-1042.72
-913.646
-680.752
-521.432
-433.418
-372.589
-324.704
-280.068
-228.925
-189.398
-158.299
-98.3113
-48.6537
-40
-40
-40.5911
-37.6138
-35.5101
-31
-29
-30
-27
-23
-19.5399
-16.5
-11.3997
-6.5
-6.79628
217.969
195.645
169.046
157.491
151.769
137.362
133.919
114.669
115.228
119.424
72.1154
85.6429
74.8817
54.069
46.1043
36.562
30.5
33.5271
28.3284
25
24.2139
14.1062
16.121
7.78288
5.33784
-0.179872
-3.76395
-13.1059
-15.7615
-16
-14
-14
-15
-13.5492
-13.3467
-14.9798
-17
-17.9415
-18
-18
-16.5427
-10.8609
-6
-7
-6.76379
-6
-6
-4
1.68436
-1
0.5
0.529621
0.5
-0.545045
-0.737786
1.25777
1.38134
-2.74787
-3.16917
0.0719192
-0.563369
0.660694
-9.82298
-41.0429
-61.8023
-67.0505
-78.4967
-90.9541
-167.122
-248.213
-383.798
-751.04
-987.223
-822.875
-754.056
-700.744
-498.654
-411.867
-351.28
-294.71
-242.481
-194.487
-141.492
-87.5138
-75.8813
-41.9764
-36.7688
-33.1934
-33.9329
-35
-32.3188
-29
-28
-27
-24
-20
-16.2824
-12.5
-9
-5.27658
-2
225.345
209.343
220.182
214.919
163.79
144.27
148.953
152.074
107.633
81.7278
87.6481
82.5995
85.2132
69.2816
59.652
46.8562
41.075
40.139
35.5083
27.2154
24.8304
17.5656
14.5021
11.6569
9.1552
8.5
-2
-4.65778
-12.4217
-14
-14
-11
-10.9931
-12.2899
-14.2049
-13.4184
-13.75
-15
-15
-15.0947
-13.3122
-10.4588
-8
-3.13597
-3.79503
-2.75698
-2
-1.48758
-2
1
1.61177
1.7403
0
0.51242
0.704701
0.444833
-0.627467
-1
0.516513
-0.705669
-11.7867
-1.21976
-8.88846
-18.2866
-41.528
-56.2545
-56.2951
-57.8698
-77.7618
-85.0221
-88.4871
-182.148
-423.766
-571.438
-604.43
-719.792
-464.864
-379.619
-308.941
-244.454
-189.622
-121.466
-62.5516
-58.5767
-49.5194
-38.2906
-31.6301
-29
-28.9874
-33.5
-31
-28
-26
-24
-21.2024
-20
-14.1154
-10
-5.40631
-1.27655
2.47597
244.737
252.818
210.22
181.945
170.102
184.197
140.539
160.781
131.425
94.1713
89.3281
76.8617
94.1736
81.4638
63.0614
65.538
50.3473
42.5027
35.806
30.5
28.5749
20.3374
21.8911
17.0421
10.7988
7.76922
-2.61835
-1.57038
-4.82678
-10.5
-12
-11.3648
-12
-10.5551
-9.00214
-11
-12.5
-13
-13
-11.865
-9.18488
-6.96316
-1.76478
-3
-0.96901
0.904823
-1.1477
-2
2.21772
2
3.24106
3.17348
4.30617
4.86641
3.43289
-0.195078
0.00856172
1.21225
3.49542
-8.47883
-4
2.37018
-3.17022
-11.7049
-17.8142
-43.4589
-51.005
-48.9449
-43.4135
-49.4834
-61.4737
-64.9111
-133.545
-365.413
-440.467
-549.695
-414.59
-308.445
-232.685
-175.935
-114.782
-71.336
-44.2169
-36.6044
-27.6527
-28.399
-24.8553
-22.5545
-26
-29.1217
-30
-26
-24
-22
-20
-16.3082
-13.5
-6.98662
-3
5.53805
17.6843
262.164
251.064
258.187
216.963
204.176
176.954
165.649
206.017
150.193
120.68
86.5204
91.0757
118.637
105.77
72.9654
81.8856
62.6971
51.0771
42.4003
37.0304
32.9587
25.4698
24.0533
18.8559
12.8154
7.53729
-3
2.34652
3
2.80503
-4.11276
-8.0218
-4.80502
-10.1
-11
-11
-10.5645
-10.1165
-8.50044
-0.232736
2.49232
0.619051
1.7813
0.65478
-4.45043
-2
1.02518
2.98808
3.91991
1.35043
8.28168
4.58803
5.36876
3.5
2.00009
1.44733
0.394916
1.09804
1
-8.48776
-3.34548
-4.24904
-1.5
-5.76705
-15.871
-26.2048
-40.3132
-40.3958
-40.9778
-38.4216
-39.1122
-49.805
-73.2326
-247.098
-301.771
-292.429
-258.977
-217.136
-173.311
-130.716
-87.7165
-51.8828
-38.8038
-27.7782
-17.9757
-17.1308
-14.9472
-7.24262
-14.6897
-21.31
-24.7486
-23
-21.9471
-20.293
-18
-14.7698
-11.9098
-3.5
-2.32508
17.4044
19.8798
346.799
316.207
290.21
300.492
237.882
214.325
188.697
160.792
151.982
127.303
125.039
95.0438
140.471
107.386
98.8401
90.4217
64.192
56.799
45.7648
35.3963
35.4604
29.9949
24
16.4566
13.5
9.17624
9.07291
-1.91627
5.59739
5.5
2.59171
3
3.96098
-2.47492
-5.5607
-4.3782
-6.20747
-3.59699
2.5
2.26586
-0.284478
-4
1.64979
-2.42254
-5.56393
2.89845
2.78102
3.92012
5.70982
7.57142
7.05327
6.09145
4.84633
2.83924
1
-3.72453
2.67077
-0.5725
2.4404
1.18578
-10.8005
-6.98489
-1.56796
-2
-12.6427
-26.2872
-38.1605
-40.2999
-36
-38.0155
-40.0518
-35.8431
-55.0747
-176.341
-241.214
-220.323
-194.288
-165.269
-136.343
-105.281
-56.4383
-43
-36.9555
-28.2801
-20.606
-4.76754
-8.13829
-3
-10.6236
-16.7415
-18.2301
-20
-20
-19.4238
-16
-11.5
-7.62658
0.0765924
14.9097
16.8293
8.4627
440.578
405.648
470.912
352.396
331.593
248.46
196.968
197.061
138.503
122.673
137.431
129.363
120.694
109.691
116.153
73.8945
75.6173
73.1727
61.2077
38.4688
45.0176
33.9662
28.8013
18
15.264
13.045
11.589
1.34218
9.97125
11.5825
5.7827
3.37644
-2
2.52379
1.78518
1.60486
0.837714
2.70025
1.65713
-3.05137
0.943095
0.679685
2
8.00964
1.7366
3.5
3.75995
2.97527
4.58739
3
8.99778
10.0872
5.98384
1.37251
3.12002
1.75817
0.91345
6.84562
2.93175
3.03199
1.4431
-3.5
-1
-1.16824
-11.2422
-25.5734
-35
-33.2113
-34.3831
-31.5407
-34.5663
-35.6563
-37.5971
-88.806
-202.215
-185.176
-160.879
-135.12
-103.312
-81.7058
-46.9824
-42.1751
-36.3598
-28.9203
-20.0327
-5.6718
7.39346
9.08592
-2.72328
-7.85562
-13.4634
-17.6098
-15.1198
-13.366
-13.1339
-9
-4.69465
3.36876
20.6126
13.0226
9.50033
392.469
430.11
509.812
407.423
386.027
352.205
280.897
200.459
158.293
151.076
188.911
148.598
120.078
111.438
75.4335
119.772
126.502
103.157
45.0888
51.4455
52.1926
43.315
35
25.8041
22.0744
20
18.8825
17.3531
14.0642
10.5404
10.5706
4.43692
6.95129
2.01136
2.68024
0.976293
1.85065
3.45908
1.09309
1.69869
1.99226
1.59749
3.76467
8.36113
8.57423
7.59341
7.4514
3.84263
3.93678
7.36376
5.45716
4.79841
10.8858
5.65737
5.51654
2.99243
2.34614
1.98091
-3
2.32906
-2.71712
0.0511996
-2
-1
-11.5498
-24.7381
-31.1887
-32.065
-31.9201
-30.0073
-33.5
-30.9357
-33.6178
-37.1229
-98.5604
-161.396
-136.789
-111.488
-75.738
-66.8822
-41.5009
-38
-32.2566
-25.3723
-12.228
7.28173
5.35794
13.7409
5.17604
2.06006
-5.31361
-5.0659
-9.62957
-9.31823
-8.33343
-6
9.20618
17.7902
19.0457
17.9144
13.6612
511.784
594.686
508.055
384.656
340.229
279.81
350.762
213.819
189.656
147.928
156.782
142.247
116.797
88.1196
150.686
104.231
86.2667
67.6141
53.782
58.5489
67.3928
53.4625
44.1583
36.0343
24.2301
23.872
29.7192
24.0394
25.3494
16.1569
11.5298
9.764
12.1444
7.96991
1.68836
2.82391
3.5
6.40854
3.14546
2.22044
9.74203
4.83142
6.17651
8.19113
11.5528
5.64095
5.83472
8.71806
6.5
6.60296
8.50522
9.7709
4.08068
7.9183
-6.5
-4.07403
-1.63129
4.38361
4.20042
-3
-3
-2.50321
-6.72897
-7.08013
-14.6791
-19.1761
-18.65
-20.64
-22
-16.7994
-21.1471
-25.7431
-26.9885
-31.348
-36.1454
-113.588
-106.498
-58.6491
-49.3454
-43.0741
-37.5536
-34.2722
-26.1032
-20.8965
6.6604
9.12216
14.6678
11.7004
15.1794
11.9799
13.0036
5.44618
-6
-6.01548
-4
-1.06239
18.1652
17.0195
15.7652
22
8.01439
479.064
459.117
439.589
452.617
461.348
371.438
314.505
280.244
205.132
159.626
151.415
109.391
138.189
113.362
124.415
133.405
112.827
109.317
50.1109
77.7075
78.4555
67.8417
53.7121
38.3289
36.715
34.6113
31.2009
27.9794
31.8407
18.3607
14.6433
10.2769
14.3303
14.2499
8.88078
12.5871
8.83869
7.34446
5.99438
6.25065
6.8543
8.36612
7.9377
11.4113
11.0208
6.10048
12.0052
13.5842
9.06188
6.9788
13.2161
5.36614
3.5
2
-6.52414
-6
-2.34921
-2
3.22494
0.722369
-3
-3.63994
-6.50562
-8.15554
-9.30131
-11.4225
-10.9053
-15.2126
-8.31545
-11.493
-12.805
-14.7527
-24.0439
-24.2397
-30.7498
-33.1532
-41.0566
-35.082
-36.3646
-35.5352
-32.5
-28.3021
-17.5546
9.49496
8.66192
16.0242
18.7775
15.8145
15.6824
19
16.9414
2.31518
-1.77334
-1.94021
2.76734
15.7589
22.3677
26.5
23.8356
19.6005
12
560.412
615.132
570.842
513.547
430.639
433.167
383.319
325.103
203.388
157.376
149.925
142.171
167.727
154.686
135.836
114.894
122.306
91.5712
62.963
77.3514
95.995
82.0766
69.594
51.0674
46.9315
47.2885
41.8877
34.8051
30.8063
36.2595
23
18.6094
19.3195
18.7445
13.229
14.3554
18.5747
8.54892
10.151
11.7536
15.5056
8.50107
14.3478
14.0022
10.5288
6.38266
11.5723
11.9705
9.92844
16.4088
13.3674
9.74858
10.0621
2.65665
3.11447
-8
1.97727
13.4197
13.0238
10.9114
9.27771
-3.48184
-3.16245
-4.04892
-2.46995
-2.87936
-4
-2.27453
-4
-2.82287
5.79004
8.87647
-8.61256
-23.7759
-20
-26.0252
-24.6152
-25.6216
-27.3771
-31.3525
-24.9148
-20.0743
2.74915
16.1998
21.4788
25.9491
18.9494
27.9316
24.3905
18.598
19.7839
16.9443
11.5866
13.5637
16.2776
13.7013
26.6065
32.2402
22.4754
19.2058
32.7543
588.99
524.839
522.39
465.058
494.207
347.04
380.374
313.076
213.631
144.491
174.552
160.836
152.928
121.312
102.852
78.2666
71.1142
95.1043
83.666
72.8539
114.518
89.2211
62.5926
87.2932
64.7648
58.3697
26.0211
43.6366
39.3147
33.8135
26.5352
23.2587
23.7142
19.599
32.3277
26.1948
16.0689
13.2928
19.2086
15.7826
18.1052
14.1836
14.5
16.2671
8.62239
10.7283
12.8726
7.99077
11.7534
21.8502
15.2548
11.6652
13.658
14.7846
14.3471
14.4477
17.4875
20.2808
4.67842
13.6874
19.5132
11.1686
8.26076
0.598957
10.1224
5.99372
5.01454
13.2171
-3
0.200146
21.9289
19.8041
12.4561
1.97346
9.33879
-1.19725
-19.5507
-20.8457
-20.8562
-11.5718
14.9418
17.2069
16.0928
21.225
17.8921
28.1355
16.9368
27.4396
37.2636
35.3246
27.929
16.3118
13.2353
12.4622
16.3353
19.8224
33.2373
33.2775
35.5177
32.3676
44.5078
636.568
561.203
516.441
510.253
400.632
382.65
267.782
247.915
268.458
198.823
157.419
176.844
134.731
138.746
111.648
108.879
91.1366
63.5584
91.852
72.2723
101.455
87.4728
82.1916
121.642
72.8759
70.9285
33.2772
58.4006
49.7323
36.9825
34.4447
30.9447
39.0271
23.7258
38.3559
32.9701
29.1739
32.5367
19.0236
24.6601
16.3523
18.6266
18.1162
20.0253
12.3927
14.3126
10.0903
6.76522
8.39222
25.0482
27.1662
27
24.5689
22.1359
21.8251
21.5763
33.9318
22.8309
20.9869
33.0814
55.5767
34.6262
26.0917
16.6555
16.8016
7.33062
19.6624
39.2402
-2.05282
39.3095
33.6259
23.1269
12.11
44.5632
9.42163
33.508
36.5048
18.6653
2.60707
-4.38518
15.7448
13.5644
32.5548
35.1987
42.897
42.1292
34.5969
53.2085
48.3714
29.8879
46.3277
19.7902
25.692
33.6062
34.9183
32.7944
35.2316
35.8535
27.7075
34.5603
42.0227
598.561
649.013
529.585
384.057
437.976
378.661
247.759
228.091
292.206
236.256
180.914
149.087
168.022
136.267
137.479
109.718
82.4817
79.0207
72.7875
94.975
109.187
121.809
85.4544
91.347
92.8064
68.6283
64.0917
74.3902
71.6645
63.2568
47.8417
29.1341
42.0255
37.0024
30.9365
48.2247
47.8458
42.9978
28.2609
31.1126
30.4523
19.2249
20.6215
19.9555
19.2102
10.0112
11.1465
11.5915
15.5257
35.3045
34.0775
38.2839
37.146
31.8514
42.215
48.4804
39.3321
25.9985
34.3157
62.2994
47.4124
48.1869
54.3075
40.8136
40.0602
18.6607
25.3023
44.2291
8.01339
42.81
53.6107
20.7936
22.7581
11.5831
25.7873
27.7289
47.1004
59.1866
51.3539
43.7243
45.9959
37.3762
53.9077
40.5331
58.1842
53.9538
55.581
54.2789
69.2711
56.8635
62.3422
67.7473
40.261
42.4709
36.5628
37.1516
39.1029
35.0836
28.8927
28.3788
44.5219
519.504
476.7
432.605
355.515
300.491
252.447
297.343
367.238
293.78
238.661
197.073
174.5
125.835
154.932
164.855
116.38
76.5197
108.418
78.6425
96.3122
103.923
86.9108
128.871
119.52
76.7875
53.8264
87.6433
93.009
99.9519
103.013
87.3652
34.6417
63.5815
45.826
28.7084
69.1092
57.0931
34.7238
37.7325
36.0275
39.6783
35.9963
30.88
13.2413
18.3538
15.0166
18.2316
19.0189
48.6836
56.2865
67.4888
38.4938
68.6836
46.4268
69.1835
60.3704
78.9521
32.3568
56.252
88.3041
65.5623
74.8785
36.3467
41.2758
17.6432
37.5271
63.9529
70.159
9.16082
39.5827
40.8551
54.6459
50.5367
37.7964
60.7719
34.1167
64.4448
37.0292
58.9453
64.376
48.6721
31.5954
30.0698
27.4556
50.3565
61.1066
34.3605
44.1749
83.2474
88.9744
58.5955
55.2415
59.8012
33.2212
48.2805
39.584
42.1422
39.7921
50.284
34.8126
44
407.601
403.951
390.4
387.81
278.552
418.589
366.088
337.353
282.422
243.349
218.439
167.115
155.038
106.638
135.609
106.482
86.2844
109.16
93.1145
95.5327
90.087
91.9216
78.9084
69.7546
58.533
48.7103
81.5572
115.697
132.304
107.192
53.1711
47.7568
92.7931
73.6506
64.9366
42.3403
63.6115
64.0388
46.3243
53.9287
44.2131
42.1947
17.1336
16.0386
20.4028
14.9089
20.6018
55.0533
77.8638
83.801
81.6754
61.995
71.8843
62.5835
94.9339
62.8038
100.459
46.9663
75.9451
86.7683
102.619
63.9125
82.3199
48.8062
29.3375
81.168
64.3871
42.1257
13.0923
17.7728
77.9922
49.3897
59.3491
58.5161
41.1376
43.3311
47.7685
58.9042
50.8483
66.4688
64.7245
32.9512
37.6285
26.9608
47.7781
56.7283
45.602
32.493
51.3941
98.5233
77.7653
69.4835
81.6446
64.5712
46.1055
50.0819
63.0358
44.4686
50.0333
50.8162
47.1146
455.31
408.978
358.822
343.909
315.221
348.76
419.645
332.953
318.476
264.501
235.03
169.785
123.547
131.251
94.6494
101.029
111.854
129.238
89.1267
93.6875
69.9309
64.8239
46.1239
58.686
48.9639
73.2712
110.468
83.4609
78.7183
67.2759
61.4635
74.9819
123.093
99.1226
54.4347
75.6146
95.8796
89.7952
69.2144
65.8375
56.0928
33.448
19
25.7431
15.8949
16.5387
22.8185
81.4888
91.4284
80.7336
101.418
71.4824
88.1486
100.391
101.407
74.5006
92.6174
95.804
68.9542
95.5338
82.3772
74.5
45.7543
52.32
22.5968
91.2445
46.8297
65.9733
28.6766
10.8804
59.3027
88.7831
83.7704
22.7837
84.1467
65.8472
47.9554
64.272
83.7406
87.8072
67.0119
36.2562
45.7695
52.2958
50.8359
35.7607
46.8026
36.3407
38.5479
41.321
93.9739
83.3206
59.7709
91.6037
55.9592
61.5279
59.0392
61.3282
50.4062
53.4684
48.6132
540.905
441.875
446.691
429.651
417.811
441.957
429.168
319.101
264.805
240.644
199.233
141.618
155.057
129.488
108.494
93.0989
141.446
148.59
87.9204
109.726
97.4969
71.6369
76.5151
66.2229
86.9152
98.3321
83.2729
77.0438
52.7977
55.4568
100.453
48
99.2003
149.896
85.1254
77.4371
78.7019
121.194
101.936
63.2496
58.509
37.3157
24.591
24.6643
19.6594
13.6176
17.8497
58.5405
114.722
88.0934
106.71
104.033
114.976
105.875
120.364
115.571
120.463
67.6784
78.2216
110.662
91.3196
68.6102
81.5668
57.773
57.9278
34.5902
42.0768
67.988
28.6081
11.5428
42.4643
95.5889
86.7481
50.8798
28.2868
59.2944
76.476
78.1119
101.805
75.5429
45.5146
39.7471
71.7194
61.5945
52.5757
41.575
51.0812
52.6047
42.1388
42.6978
45.3649
90.627
76.019
73.7757
76.2318
50.4802
56.4255
51.2532
66.0721
56.262
56.0781
478.749
535.745
552.069
444.991
455.245
431.498
336.3
308.204
299.873
260.068
222.492
193.515
160.491
149.374
125.879
119.926
134.594
114.435
106.84
142.397
91.0718
56.7045
92.3483
76.3292
92.204
97.66
99.1231
71.5561
68.1682
82.8901
48.037
56.5941
74.5726
76.376
51.8225
84.4749
90.1992
84.9398
66.8384
66.8875
64.3737
21.445
36.5826
23.8842
17.7299
22.3754
15.9185
21.0481
38.3969
84.0321
135.198
119.491
114.32
138.367
102.221
125.284
128.154
47.184
99.8733
110.864
111.784
61.8375
34.3668
53.0816
81.0363
34.129
69.6317
39.7802
23.2145
13.4156
59.4969
91.7519
81.6354
54.7632
65.9315
77.4915
71.0249
90.9414
69.6033
92.4175
60.2072
64.4806
77.1723
90.9235
67.7095
62.6805
57.5014
59.7174
46.9764
49.271
47.8436
63.1169
95.4991
79.9624
82.1916
65.5559
53.5035
55.4204
61.9418
63.2605
60.2873
490.23
464.92
481.402
477.736
351.818
452.416
385.484
319.003
282.584
263.452
252.065
205.632
176.189
162.205
100.878
119.686
157.634
132.449
127.332
152.699
113.888
65.9105
102.968
99.3295
125.454
112.998
73.767
91.0882
92.1922
58.323
88.4532
67.4897
98.5132
72.4987
52.1269
97.7777
119.709
99.9614
74.8362
59.0205
25.2407
26.4957
44.3178
22.6187
21.5707
15.7529
15.3078
17.1299
35.6709
39.9089
58.4772
124.016
143.236
134.814
119.932
140.275
130.733
83.5879
105.497
114.901
66.0373
81.5827
46.4668
59.9131
70.9341
45.4442
72.4404
44.6811
29.2836
17.2485
21.3128
110.244
95.8322
85.9669
85.7818
90.5065
50.9794
53.3589
98.7691
100.327
83.7886
92.1131
65.2327
87.1892
102.852
90.5249
51.9133
67.235
53.247
58.134
49.0236
51
110.255
99.185
101.515
76.0764
73.5426
68.2141
64.8622
64.4067
59.599
520.519
501.853
395.202
376.945
366.646
476.335
381.221
392.238
251.375
302.72
262.081
213.605
195.359
121.771
128.744
118.025
136.69
137.005
156.932
129.622
127.821
78.5245
106.333
118.312
97.1223
122.588
80.1227
107.13
73.8525
86.8318
80.3388
100.931
84.3096
91.4704
67.1798
86.323
108.652
81.6618
64.2326
65.0267
27.7507
61.3872
59.5042
8.4198
11.8254
16.7308
19.575
19.169
97.0224
90.9411
114.957
76.4157
126.785
145.608
147.105
117.043
66.1746
94.4486
131.313
81.6153
87.5557
72.402
59.6786
83.5405
80.6401
43.8335
87.6617
40.6915
25.6183
57.5345
47.5701
52.9902
119.478
102.757
81.5874
105.857
55.4322
84.0529
110.553
110.941
91.2668
116.36
73.0489
83.4907
103.408
76.0262
51.2159
73.9501
63.3306
68.2336
55.1868
53.2583
90.0364
106.536
111.324
78.7987
82.5276
73.7607
73.7975
69.7953
60.857
514.715
478.14
407.737
390.703
413.477
422.73
397.928
347.629
309.322
234.137
248.913
220.621
216.363
128.815
154.167
131.68
152.177
116.016
135.211
105.55
89.0793
81.5067
107.654
133.436
121.691
79.5841
108.852
82.7652
92.4432
103.761
76.7483
112.765
123.775
53.5008
70.9096
84.0155
71.9369
44.754
33.3383
29.8507
31.8637
57.6653
21.9661
34.688
18.2428
17.1967
23.0609
19.4131
76.9559
82.9523
138.948
138.074
148.089
145.495
141.403
94.5128
97.5245
101.499
98.2525
85.1313
95.5911
66.0408
83.6066
73.939
66.6733
52.2619
62.8584
63.5062
34.7685
108.371
75.6263
36.5114
91.5195
99.2653
105.541
107.85
111.326
124.78
98.9662
133.746
84.1271
80.1988
98.651
82.3597
95.6139
99.5073
62.9031
92.3758
70.1026
59.2144
64.9896
60.6265
71.0857
123.588
102.548
104.37
89.4445
85.2111
71.3204
70.4048
58.8932
469.592
433.862
397.951
395.248
511.526
441.343
419.298
321.796
280.779
315.894
275.121
192.854
153.497
121.818
152.83
151.889
148.137
147.537
151.054
145.089
99.4683
66.9756
119.744
123.892
82.9536
120.22
79.0648
129.35
138.806
99.1165
127.752
136.947
106.836
52
78.1294
109.391
67.9344
66.6382
32.6728
63.0596
44.1774
71.0633
46.5169
64.7702
33.6655
18.2124
20.7427
20.3808
81.7543
95.571
101.382
133.298
145.835
127.235
107.92
82.9552
136.507
146.242
144.348
120.012
82.9918
73.463
86.9765
81.0674
76.6539
73.6686
72.3244
43.5565
42.919
67.1761
58.0185
59.4682
39.5814
136.823
150.624
93.4506
84.0687
99.4149
91.5025
99.38
102.01
124.009
144.398
117.946
129.02
122.695
86.1557
107.279
90.6416
73.8687
65.8657
60.5059
68.135
106.233
120.748
93.5471
110.931
83.5138
94.059
61.4106
64.436
433.924
410.386
458.267
414.835
491.696
495.23
412.804
374.22
296.949
341.534
281.463
196.682
152.622
156.878
156.573
168.068
160.49
149.228
131.433
134.597
130.627
88.4508
145.502
143.83
117.396
165.971
85.0336
149.716
132.969
127.483
146.784
93.422
102.927
55.6106
91.7414
107.557
48.7016
55.1743
37.3799
56.5298
66.8096
55.6909
31.9226
60.2692
60.4687
22.506
18.0653
23.156
22.2937
89.7491
96.2139
80.1512
104.595
97.6751
106.479
80.6951
150.413
166.393
114.547
108.114
98.3273
83.5098
84.6294
92.164
61.821
71.0352
76.1614
45.652
55.8247
49.5146
88.6258
40.7506
109.331
76.2327
144.32
112.467
104.152
99.282
113.497
122.472
125.863
116.353
96.4925
134.047
134.881
125.39
61.506
122.575
102.92
90.9466
82.2862
80.4024
65.5874
90.3018
131.77
115.73
91.5484
98.9616
92.5762
87.2677
69.6399
458.604
465.733
405.668
460.06
494.448
452.341
396.327
339.11
377.101
289.063
245.424
223.392
166.646
187.014
172.56
173.431
138.109
135.013
115.441
111.533
77.8221
115.815
138.85
105.536
190.044
133.994
105.695
114.872
184.968
102.567
101.735
78.8134
74.3902
78.9078
80.0668
69.2833
39.9823
42.7088
62.1377
87.0234
55.5218
48.1995
36.5418
57.1154
46.5487
16.8991
23.6329
21.7215
21.1165
67.3314
75.1122
57.3341
108.183
99.5509
137.869
75.4903
110.209
142.952
134.945
139.822
140.679
97.3568
112.175
91.8801
69.5094
79.2645
40.1529
41.0473
101.212
112.873
127.589
25.0091
41.3718
92.7556
85.9333
125.474
142.311
123.882
137.057
107.013
111.585
162.874
135.555
157.21
147.32
106.451
103.929
122.465
125.63
94.3968
99.1388
78.1691
86.2146
86.6818
130.67
112.538
106.187
100.701
107.111
96.5643
89.1851
485.649
476.307
446.849
508.368
447.623
358.821
326.459
368.328
365.038
289.597
229.011
205.213
171.307
187.375
158.707
159.567
117.235
119.532
118
99.6262
104.179
119.904
171.395
102.447
159.234
131.636
160.577
141.976
170.027
138.47
101.977
73.8836
74.7379
95.7558
102.901
46.4163
60.9742
42.3896
82.5067
73.9678
62.7652
63.0822
53.154
51.1173
21.6037
22.4018
26.2784
19.7047
23.7688
27.096
79.5067
79.026
52.9964
78.9922
126.248
102.416
135.011
114.324
137.05
132.354
107.103
123.803
156.181
86.6031
99.4865
94.7389
99.4107
72.0492
46.41
68.8864
75.253
45.3839
44.0934
89.7583
74.561
67.5206
113.718
131.871
148.529
140.281
156.803
128.187
136.571
159.392
129.929
93.209
125.854
124.22
153.52
136.266
105.439
94.0418
100.263
82.011
131.326
124.774
115.075
77.6691
59.6184
46.0531
83.1092
480.246
473.483
494.497
496.849
418.03
363.923
388.299
370.172
304.388
279.975
270.096
187.928
191.447
198.995
173.289
159.854
139.133
135.671
107.33
106.105
115.862
113.088
161.778
127.468
184.863
115.968
111.843
147.768
147.263
120.329
88.7749
77.3284
90.4157
107.167
60.73
44.0799
60.3415
63.6969
76.6832
49.094
64.8884
68.2544
55.8975
64.8042
20.2098
22.5
26.3031
28.0918
23.1374
34.5489
22.4315
40.0325
84.7215
85.5576
103.556
117.61
120.469
123.379
120.34
159.48
140.596
136.497
119.117
99.6853
114.958
132.619
110.371
57.5272
62.951
75.6642
76.2691
57.2218
42.9378
32.4504
104.525
64.1131
106.986
81.6225
115.548
148.826
156.215
164.829
162.415
149.787
92.5934
77.5276
64.3316
155.061
134.205
147.245
131.094
101.79
94.2596
86.7204
123.181
113.583
94.3161
58.349
93.1125
67.9267
38.5674
499.408
475.598
507.28
450.052
396.712
397.028
422.088
362.245
366.172
303.454
265.453
180.244
215.58
212.89
199.05
143.749
147.035
114.656
120.141
91.935
111.188
145.252
147.09
109.814
131.942
121.168
123.843
130.063
134.369
98.0076
79.153
97.2981
113.456
80.3125
57.6945
44.2471
75.9396
64.0839
61.5813
63.5909
94.0452
74.1595
53.7785
30.0706
19.9754
23.2134
26.7128
23.9481
29.9972
26.2975
25.5
76.3363
42.0848
77.2238
100.53
83.2134
127.343
140.395
149.219
139.337
142.711
135.416
131.296
102.654
142.563
149.169
76.6352
38.2907
24.9865
85.7544
64.0618
67.3926
41.9988
47.1486
45.4356
97.138
57.7726
86.9947
73.6725
83.3971
106.047
103.364
142.673
169.176
96.4904
98.0281
77.8415
119.243
150.763
148.359
160.215
131.971
110.603
105.31
118.784
117.187
73.3065
73.2894
91.7167
78.2511
45.8262
531.815
526.691
490.884
445.877
408.834
395.023
435.94
409.175
327.2
268.117
193.113
247.103
249.157
194.43
193.91
150.738
131.884
126.988
95.3567
100.782
122.437
166.245
143.762
123.628
164.542
153.13
123.49
125.556
104.299
108.769
84.6515
105.717
93.5078
59.9508
49.2613
56.1977
74.752
75.6391
83.93
72.6507
76.6009
67.6273
68.1581
31.6998
18.9315
23.5
29.6755
28.5063
25.6269
28.0456
28.3817
104.379
56.8605
76.3339
91.7102
99.8832
109.512
109.629
151.156
144.959
129.503
134.111
113.026
125.189
116.223
120.75
95.8427
76.7106
37.0056
36.5987
52.9834
76.0807
44.9232
52.2684
53.6952
72.678
50.425
69.2275
63.805
65.7564
82.5939
79.7425
106.213
124.697
110.899
96.6097
110.4
100.434
190.124
173.014
159.528
147.156
89.4374
109.899
118.791
93.3753
64.2413
110.694
67.6244
72.5428
58.0864
608.315
582.682
496.224
473.939
414.832
440.803
442.602
374.478
262.527
246.765
247.605
244.994
265.644
198.376
218.592
167.237
157.872
106.1
127.112
101.687
142.248
156.314
165.706
154.035
158.176
120.544
126.213
89.6302
91.4977
109.217
89.8916
104.361
71.2741
74.7257
51.1959
71.0816
61.3546
64.3502
123.678
94.3504
86.5394
56.0587
59.7605
30.817
22.4002
25.2613
27.8637
27.4076
27.8449
28
23.1707
30.6258
86.2929
84.1559
73.1327
116.348
89.8952
109.984
121.549
134.461
121.692
152.782
132.013
125.071
146.29
100.882
75.3384
45.1021
30.7208
67.5025
51.0112
85.5687
47.2485
40.4239
42.4501
41.5876
92.7714
62.5131
47.2301
58.2161
58.3807
86.348
110.267
123.309
145.814
139.233
116.197
115.626
155.264
202.472
151.612
133.853
97.9264
116.535
116.601
97.5961
94.3642
91.1433
87.7598
84.7246
58.1353
486.356
513.162
482.571
462.194
437.317
385.549
409.89
314.69
347.834
241.297
241.044
276.05
265.745
205.071
223.64
178.381
129.933
105.54
114.924
121.136
138.123
172.479
159.793
151.433
114.884
103.116
94.7731
124.775
118.549
144.057
125.4
90.1918
81.6608
64.1214
56.0855
72.279
52.594
84.0724
123.522
89.1971
62.0146
71.4747
54.3182
27.9226
36.5002
23.8285
28.4827
31.3589
28.3035
32.5827
35.7325
32.6279
26.5
89.6036
55.3464
83.1303
85.043
104.15
127.888
114.857
145.196
171.929
145.542
125.335
110.704
100.573
59.89
44.7113
63.5355
32.8938
35.1328
53.3289
66.7705
55.0603
87.6791
119.031
107.925
104.975
71.9369
130.543
108.111
98.3304
98.3578
121.185
170.668
124.34
107.27
114.271
147.19
206.155
180.398
133.169
136.916
130.616
119.885
78.8684
109.172
103.306
116.335
106.687
72.7867
474.509
459.915
457.746
482.067
447.203
312.787
331.087
327.746
268.189
221.391
328.983
257.794
217.516
190.668
229.996
170.466
127.355
109.703
130.74
146.579
145.022
142.644
138.622
116.305
146.679
129.595
123.356
108.638
106.999
97.5075
91.1546
85.7813
74.1486
55.7629
60.9801
70.5422
76.3166
111.424
92.9316
54.3216
64.9509
76.4643
31.5836
28.514
29.1973
27.5544
29.4853
29.5287
29.4275
31.3732
33.6577
32.5521
28.9786
90.6256
97.0334
69.726
86.0704
88.298
116.133
109.561
155.836
145.105
147.262
168.769
109.731
79.2743
65.5179
45.8359
50.3585
36.7756
49.6688
94.0009
120.852
106.491
141.524
117.166
115.567
176.189
109.508
128.752
162.008
166.265
169.724
212.529
227.01
216.07
137.106
160.794
140.656
161.59
177.167
176.094
101.599
132.592
105.287
83.9206
130.556
108.614
73.4047
58.5859
73.3855
448.588
415.959
389.934
423.456
465.33
344.219
271.522
249.219
253.956
268.528
305.3
236.779
207.938
180.893
153.452
174.397
144.231
141.888
150.916
159.629
153.724
135.257
124.519
124.223
161.169
160.771
108.475
122.266
103.115
104.306
65.2887
67.7978
59.4395
60.3601
71.3123
75.553
64.7732
100.046
81.1262
82.3855
68.0547
35.1984
49.3434
48.6023
30.0087
47.6061
29.8707
31.5
34.1779
36.1288
31.4732
32.8063
30.002
33.2652
112.842
90.1767
66.2037
99.3242
117.281
127.066
139.554
121.616
156.457
156.476
127.705
64.7296
45.1858
53.4169
42.7863
37.611
55.71
94.7449
90.1022
123.121
154.72
140.8
164.344
144.646
156.943
191.618
152.162
160.931
212.85
228.169
224.99
191.196
173.917
200.01
229.946
214.082
217.901
136.64
132.281
157.064
132.377
103.771
157.566
109.585
106.566
77.5487
118.523
473.474
387.426
386.995
421.42
391.511
389.778
366.723
270.034
269.924
352.775
295.289
212.707
171.706
152.595
149.563
143.858
172.639
139.367
164.318
158.034
138.835
147.857
135.213
143.341
132.387
158.82
111.216
113.471
136.123
88.9961
109.629
72.2869
79.4326
60.0791
104.287
72.5311
77.3735
97.9234
82.5621
60.6617
48.3639
49.1081
59.8739
40.1225
28.0236
38.9254
35.5399
31.2339
37.8248
39
31
31.1387
31.6784
32.8421
91.3566
87.8916
86.1274
99.8946
130.56
141.517
169.327
147.499
134.99
154.132
141.317
59.6976
49.366
40.1308
55.6282
69.8913
68.1309
90.0555
110.361
62.5766
167.073
164.691
198.29
145.584
136.325
216.654
211.165
167.099
208.099
240.413
214.249
184.862
222.207
260.379
254.758
206.476
157.674
157.842
193.817
112.271
121.514
138.375
138.811
115.454
100.486
93.2778
87.696
483.158
403.889
360.602
387.17
362.189
346.49
288.078
297.549
300.281
366.271
314.16
200.008
220.946
206.38
165.951
188.977
181.587
135.016
171.071
163.259
136.309
149.98
146.477
147.826
153.933
124.639
127.423
93.0704
157.902
104.582
101.324
104.969
82.0483
87.8034
84.5097
78.1561
96.4911
94.352
78.2037
75.2353
65.6981
71.4737
61.2128
35.3657
39.2314
46.3433
41.4026
34.8888
37.5
31.3516
36.9636
33.1557
33.6296
33
33.9281
72.7657
110.149
86.846
126.355
143.982
169.045
162.948
152.55
104.845
82.6711
56.6781
61.5363
43.2411
84.3148
91.1905
39.4019
78.3781
150.416
101.716
123.795
191.65
198.63
140.287
207.381
209.717
223.125
181.119
215.047
228.199
214.979
210.524
229.231
245.599
264.417
283.083
226.711
203.6
158.827
125.703
143.953
149.584
124.288
126.829
73.0949
117.752
119.62
493.812
369.042
354.948
351.992
348.402
356.951
348.985
305.493
352.673
359.896
274.608
205.051
220.162
170.243
171.126
201.279
180.555
154.528
190.654
164.267
150.499
181.21
175.375
158.885
162.209
142.725
119.944
125.748
106.884
116.03
120.913
107.014
109.701
61.3905
88.8549
83.6406
90.8205
99.8482
77.3459
79.7754
70.3317
84.0578
57.3404
31.4519
42.5013
55.1801
56.5919
34.2459
33.9952
34.9637
34
33.9162
28.1593
33.348
37.7636
74.81
106.296
107.349
121.978
151.321
159.886
177.889
153.701
101.086
56.6458
68.4882
47.8478
83.3821
101.908
74.7694
41.7755
106.418
120.459
162.537
203.995
158.95
155.335
143.926
244.106
285.348
243.481
275.148
241.398
214.455
245.637
208.913
244.541
269.468
234.754
223.26
273.686
239.474
195.852
160.276
163.965
170.328
138.833
97.5822
89.8108
142.161
122.471
407.917
416.249
379.752
359.285
342.305
369.07
404.817
372.744
348.931
300.409
237.131
257.905
228.98
203.344
160.666
184.651
221.309
177.562
199.793
189.308
175.392
159.373
162.737
136.177
123.801
129.546
127.987
109.392
112.131
107.961
81.1572
94.0656
70.5
92.9705
70.289
90.5298
106.952
116.902
100.616
60.8491
59.5194
51.9117
32.7192
32.4959
35.7134
68.5912
59.2645
39.4678
36.1425
35.3517
34
34
32.5497
33.7237
36.7233
39.8447
110.081
108.058
122.692
133.182
156.421
172.804
105.89
86.0907
91.6503
69.9314
46.2657
84.7906
95.3959
105.185
85.2737
92.147
154.126
192.332
139.655
173.653
177.337
144.72
208.767
215.006
321.164
247.602
287.145
278.363
253.761
241.291
214.803
257.141
257.476
238.788
264.781
214.974
184.546
141.619
155.539
184.298
126.761
125.678
112.945
134.752
119.621
473.552
441.207
368.825
358.515
372.825
366.477
402.668
349.58
330.985
256.464
233.101
294.646
252.495
219.204
172.491
185.732
226.726
208.571
178.494
203.326
185.131
153.166
134
126.109
134.133
115.215
96.9746
99.1914
93.0233
105.225
88.3857
95.0517
102.676
98.7171
76.6517
91.3452
113.412
105.055
74.1392
62.0024
51.9039
38.3771
43.0216
49.3433
60.9487
62.3029
59.5828
43.0293
39.7898
46.5809
37
35.4401
35.6297
34.0031
34.6291
38.5031
95.3176
116.505
103.633
113.466
144.054
160.586
99.3284
91.6143
81.9878
56.5403
67.5959
92.1368
100.98
113.721
130.633
148.716
163.736
148.612
184.921
171.515
167.047
154.597
146.148
226.056
343.668
323.526
247.41
299.629
373.909
218.154
218.223
264.193
261.265
248.096
284.558
233.043
196.221
147.09
190.085
137.173
134.454
151.243
123.266
151.209
130.27
475.879
420.01
362.171
367.318
348.864
367.735
338.273
334.471
306.075
301.741
258.825
285.043
284.064
208.691
196.296
196.374
236.233
204.498
221.075
220.578
198.046
173.591
147.489
124.182
117.222
121.254
119.309
111.719
124.948
124.298
119.228
105.456
107.142
78.1278
99.0837
92.6418
99.4431
114.824
82.7402
67.1823
45.7759
51.42
62.9964
66.5124
39.7866
62.2793
60.6649
43.2849
41.5
50.5602
40.0901
36.0833
36.8324
32.8139
37.9268
40.8407
80.65
97.2138
129.379
134.458
112.129
141.574
99.3899
105.425
70.3176
54.7624
83.502
119.366
112.588
109.105
108.007
129.647
147.308
115.483
172.857
258.664
213.878
166.298
172.328
175.016
257.949
322.672
292.908
278.31
386.312
280.788
271.079
302.441
274.98
275.731
282.438
229.472
207.243
190.174
187.659
158.099
147.231
150.233
161.393
139.174
142.468
445.05
430.888
359.203
371.938
382.001
351.173
312.93
301.877
350.223
312.64
306.066
334.746
263.715
237.983
219.708
209.741
248.056
246.393
220.783
189.217
208.225
175.637
159.518
156.043
143.947
129.046
116.655
138.713
127.901
111.428
93.68
90.886
98.0795
80.3772
93.2112
110.878
115.501
95.9344
78.6259
42.7252
51.8363
79.3219
54.2846
85.9721
43.3023
78.4391
64.0011
46.1431
43.7471
35.927
44
37.6674
36.6686
35.3799
35.1632
39.6898
106.302
117.251
94.6387
122.79
155.966
145.734
92.4544
72.5875
75.8943
57.496
78.7471
105.549
105.653
98.1637
125.201
171.47
155.659
107.17
174.074
180.194
230.283
222.445
165.79
178.069
190.874
361.564
253.462
405.161
293.816
326.584
260.827
254.164
280.023
282
270.251
248.301
197.578
204.248
187.451
163.605
149.954
148.181
171.647
148.624
158.199
413.497
380.588
382.392
374.511
329.657
324.1
327.037
337.194
336.584
317.967
322.883
311.399
313.911
267.669
257.774
230.401
245.1
208.753
190.44
198.982
163.736
185.534
181.074
181.233
167.907
149.442
129.43
121.768
106.45
102.738
125.97
105.507
97.1678
110.062
108.173
95.9054
75.779
91.1632
102.64
47.694
64.805
98.4618
59.4094
78.1891
57.5423
83.7136
60.8353
48.7975
40.7353
51.7082
43.2958
40.1735
40.1912
37.1817
43.7639
39.1261
63.103
80.4422
87.6086
77.5933
92.2491
110.826
93.6073
85.1241
81.6693
59.8423
96.3826
88.5287
142.008
108.588
145.209
139.08
109.431
123.215
125.501
174.231
312.065
226.735
176.775
177.156
239.761
254.112
289.481
287.283
356.947
323.272
360.261
252.681
296.666
283.218
255.355
238.153
228.536
231.304
187.186
186.722
154.972
188.245
193.638
194.463
171.422
397.167
417.168
397.385
333.547
328.72
306.87
297.254
322.543
292.476
292.489
315.024
372.199
334.359
280.531
260.916
235.137
213.363
223.94
174.08
152.317
178.623
172.47
175.262
165.425
151.879
156.116
131.26
110.556
133.436
131.613
111.361
97.1678
95.7619
110.382
107.926
141.011
101.399
66.7846
68.2743
53.8019
98.338
119.678
69.3988
52.2495
76.8263
107.911
55.4157
50.6451
45.2423
51.6823
44.6486
43.2493
43
39.7318
40.6088
41.9263
93.4125
72.5587
99.2228
83.7306
81.0274
96.0287
98.9214
82.4468
76.1948
68.6888
85.9623
138.074
150.439
171.425
169.774
149.076
117.288
116.501
225.56
146.489
237.978
250.12
207.542
209.097
203.744
231.268
364.204
328.009
351.982
404.219
376.973
361.584
250.382
313.043
244.71
260.487
207.145
231.254
196.265
174.547
173.537
215.319
162.904
152.104
134.518
362.589
364.297
355.966
350.038
324.504
315.415
293.658
285.784
283.16
271.787
297.73
307.408
225.788
249.421
199.55
221.209
192.781
198.113
193.341
160.021
147.091
145.821
135.482
130.895
144.207
133.032
124.077
141.966
112.64
125.868
111.719
103.505
122.355
134
160.527
87.5
72.9361
79.951
100.583
73.5664
95.7377
89.0515
64.2587
83.3604
73.7395
80.51
52.4132
48.5
50.4876
51.6958
57.9942
46.7499
43.9477
44.5607
43.609
42.0835
73.2334
114.525
95.0133
87.4917
94.5334
106.811
115.057
91.5251
86.85
82.7435
129.057
140.07
176.104
169.532
182.258
179.67
157.816
164.594
117.116
206.864
171.406
319.453
212.457
160.305
173.5
212.276
393.984
352.926
329.075
380.015
376.258
295.585
306.727
270.273
311.601
252.731
267.205
236.95
235.356
203.718
180.452
182.257
166.151
173.27
154.961
399.741
374.021
366.697
323.909
316.82
313.361
295.849
277.945
257.912
276.906
256.869
239.371
288.289
263.611
253.955
193.292
224.123
206.136
202.167
169.674
177.74
174.947
140.802
179.427
131.059
154.156
129.958
135.163
135.815
140.899
132.988
112.354
134.759
199.923
113.142
162.761
114.961
78.0974
61.7985
111.867
116.204
92.855
62.9165
83.6017
79.7241
60.1887
53.2825
53.0812
54.5634
50.9477
45.0828
42.8053
46.2368
48.5
46.5
41.5241
87.6071
107.435
112.117
119.274
116.33
101.206
133.29
94.7099
70.567
78.8585
138.304
142.91
162.217
219.161
224.653
190.956
199.305
188.267
180.504
195.218
242.533
297.776
319.176
169.585
166.316
200.608
198.903
333.787
271.673
344.84
345.32
344.876
317.9
304.35
305.643
273.227
312.848
272.115
225.945
227.297
207.176
177.274
172.074
169.522
159.061
383.32
358.568
352.862
336.177
314.251
312.187
284.274
300.257
266.83
271.63
281.5
238.211
263.445
265.134
234.154
236.735
227.136
196.523
202.556
202.619
178.298
141.37
171.601
167.503
151.26
177.491
173.558
192.814
233.9
230.383
206.343
166.377
208.037
195.059
205.847
214.289
136.193
140.992
66.7294
118.13
129.218
69.9993
75.0773
106.693
73.3937
60.501
55.2565
56.6418
59.8619
53.7882
44
56.4003
47.8463
49
46.7441
47.2827
81.5219
104.704
104.082
129.598
140.189
135.081
112.934
92.5054
92.6934
115.265
123.471
171.439
182.348
195.637
259.84
211.898
212.045
253.213
256.342
199.794
212.085
230.145
339.29
309.708
313.717
173.913
176.299
235.677
264.747
240.586
279.509
269.98
322.766
315.197
324.181
325.955
325.197
295.732
251.904
221.142
232.278
213.506
158.886
168.866
115.366
406.34
380.875
360.329
356.646
337.126
331.172
291.255
293.205
265.443
288.932
264.738
258.337
291.286
290.392
264.878
256.996
214.803
233.866
212.085
191.262
168.923
147.768
185.332
170.806
166.572
227.89
206.699
247.965
260.033
343.499
281.274
249.329
272.56
252.53
269.96
217.378
166.26
147.999
146.439
86.2543
87.241
90.9366
73.9543
114.578
65.4503
62.2186
64.4959
61.8713
58.5
53.9502
45
47
52.9156
50.4971
49.1225
47.7707
62.6035
90.5634
132.357
122.935
133.518
113.204
154.733
111.067
109.19
97.8729
136.411
158.766
235.219
253.139
271.017
243.663
230.151
271.434
302.312
276.749
284.541
200.595
301.643
328.349
265.552
249.054
168.647
172.649
200.953
227.927
213.037
259.103
274.165
329.966
341.156
317.223
305.495
267.967
244.239
229.982
217.028
184.903
164.421
151.934
166.097
397.781
372.481
375.402
330.872
352.549
332.875
307.085
297.597
305.095
298.044
272.638
284.413
295.804
254.415
257.113
241.517
255.018
234.454
225.391
189.046
190.638
187.128
172.854
255.801
202.166
326.536
289.405
245.698
242.286
274.175
323.648
300.321
527.807
357.466
337.907
286.54
248.15
165.622
150.886
113.461
90.4488
114.371
85.784
103.739
68.3207
64.4393
59.1994
63.444
59.4337
52.5942
52.9128
48.9263
52.1052
50.9965
49.1295
53.6016
95.1497
94.5188
96.1099
146.816
117.871
97.4356
147.191
99.4115
141.262
99.3776
148.587
189.949
228.493
299.392
307.851
283.431
285
208.811
181.179
337.499
260.502
314.5
248.573
328.251
356.15
365.826
199.411
334.022
199.283
245.061
293.556
300.027
336.371
339.501
367.583
358.605
365.478
294.923
249.628
250.73
217.529
206.966
189.87
157.616
161.611
430.465
382.207
375.1
356.239
323.69
319.22
311.631
294.275
307.492
308.046
288.695
343.741
294.297
379.743
341.077
313.808
327.324
292.443
196.925
200.686
195.567
250.035
252.166
307.483
238.689
222.71
405.697
401.901
383.531
283.639
299.852
438.941
348.561
308.032
307.879
230.811
242.243
155.303
229.065
195.964
144.989
112.304
103.373
69.4854
69.831
63.4888
64.1684
63.54
62.107
51.3984
54.2656
58.5785
72.9827
52.2822
52.7197
95.1088
106.518
110.214
115.351
84.8691
103.423
125.753
118.528
139.891
102.934
100.478
129.984
189.207
214.152
253.212
199.824
195.188
200.341
204.467
211.826
201.61
359.396
255.069
308.912
332.132
379.892
287.247
416.67
220.007
211.827
211.116
271.909
255.907
467.98
373.747
344.258
362.404
351.877
322.379
255.55
242.398
222.901
260.678
217.146
188.311
192.323
419.347
407.155
403.299
369.447
339.44
345.16
330.478
323.143
316.081
331.652
330.12
303.991
281.548
313.861
259.599
354.188
352.897
330.808
199.103
201.862
210.418
256.737
234.215
338.636
353.653
442.013
507.23
408.438
528.282
643.097
303.388
380.09
417.91
458.335
245.42
200.129
202.566
198.184
290.721
175.325
164.668
149.368
94.2629
74.2279
71.6968
65
68.4261
66.8544
57.2689
52.6923
52.6184
63.1618
91.1537
55.7714
55.9946
63.3553
75.9859
97.9067
134.935
117.355
121.85
152.322
147.792
170.638
126.779
116.008
143.034
187.414
235.513
223.605
212.578
220.127
246.915
211.63
169.318
181.363
172.222
201.307
235.217
181.541
381.185
403.701
497.546
242.686
238.62
344.175
217.916
235.229
363.677
462.988
444.803
407.52
383.65
387.29
267.722
217.796
219.311
255.862
204
233.014
226.852
407.123
408.789
396.669
381.394
384.606
355.165
345.481
349.235
353.828
387.485
357.419
358.128
327.181
309.17
287.24
366.808
374.538
238.041
219.265
209.002
213.821
220.598
238.222
268.87
277.763
227.098
214.522
234.375
335.027
304.076
408.23
339.626
294.685
291.76
387.362
328.263
334.855
320.371
325.273
204.721
186.697
146.028
159.545
77.1755
72.9546
70.8152
69.7155
67.3868
52.7269
56.1522
54.4713
62.5418
56.7855
57.8191
57.4671
63.8791
97.5692
112.511
105.917
163.997
167.205
133.646
158.328
179.915
151.903
161.624
184.505
173.931
194.952
132.754
162.527
166.125
179.877
195.018
184.324
218.469
191.745
185.756
448.393
212.139
352.394
441.019
320.002
563.879
356.413
360.399
210.108
215.82
443.956
557.987
774.037
448.159
440.61
423.924
431.954
258.611
232.402
244.158
214.23
234.132
245.182
436.605
418.344
408.742
409.043
420.928
396.239
382.021
379.526
367.503
396.23
373.319
350.112
311.633
281.247
287.267
348.055
292.515
305.92
241.543
240.62
224.185
247.622
251.989
224.631
211.61
270.096
299.253
246.55
249.384
191.094
316.722
287.121
269.443
354.581
146.933
290.893
284.794
189.467
183.401
258.364
114.317
106.748
90.6968
95.9009
86.1045
76.4353
63.4969
61.87
57.9925
57.3323
60.8241
61.3507
57.3868
58.91
62.6563
89.0604
102.212
93.4847
122.879
144.292
181.604
170.207
156.126
156.353
148.306
171.414
168.77
131.587
133.767
174.531
189.37
185.729
197.512
221.359
228.207
296.352
254.636
211.238
307.462
246.705
189.921
408.568
281.002
262.106
295.167
277.705
207.794
478.241
465.202
945.671
829.606
884.666
601.023
482.158
423.994
390.142
235.959
278.239
229.398
240.154
263.386
439.5
447.531
423.592
450.388
495.065
613.147
422.155
384.622
411.931
424.155
360.983
303.396
292.59
304.471
308.194
332.444
302.452
292.209
264.422
288.234
235.039
238.324
230.169
197.318
200.048
232.991
193.347
184.047
171.498
219.463
423.993
486.068
269.177
423.912
246.474
180.126
131.739
237.015
244.066
132.958
81.2572
99.987
97.2747
144.672
101.144
63.6477
61.2687
59.2227
56.2128
59.2023
62.5
65.1698
55.945
58.1126
62.9156
64.7401
108.164
117.214
122.146
136.403
132.862
175.344
176.361
142.178
141.67
159.501
184.751
209.765
239.579
202.91
197.874
213.69
231.567
229.602
260.586
262.195
241.826
237.952
285.535
354.4
243.188
286.347
473.362
359.531
248.248
277.738
228.793
485.388
723.295
519.557
712.765
681.954
665.103
978.759
642.676
446.227
405.025
267.873
257.222
272.975
280.5
490
458.465
448.748
468.821
492.855
588.371
460.616
416.97
435.34
348.064
341.626
346.441
318.235
310.59
316.047
307.122
315.492
282.185
242.003
254.126
231.064
242.473
248.44
211.572
271.786
310.252
334.035
166.892
339.693
146.406
282.594
201.363
177.738
186.29
128.088
111.737
118.838
118.189
95.4624
107.131
87.688
102.897
138.845
144.45
89.389
72.8688
64.7552
54.2761
58.9989
61.5172
61.5595
69.2693
62.4817
58.9652
60.015
65.6955
93.2934
83.1264
108.624
128.541
128.712
160.105
158.681
154.136
145.37
160.598
142.955
217.336
264.655
300.023
228.748
240.125
242.199
239.571
209.907
256.687
289.802
273.049
460.566
529.93
316.588
213.372
375.855
349.021
211.807
279.483
281.967
459.217
840.904
507.318
626.919
606.464
734.554
799.105
761.414
650.583
522.318
295.913
336.57
314.816
263
483.5
482.997
472.338
469.368
431.375
434.866
428.628
400.426
388.251
361.645
339.021
396.112
334.291
341.098
353.674
303.186
275.674
264.525
264.968
261.956
255.876
224.597
203.328
195.93
226.385
210.137
157.844
188.944
152.007
173.938
165.531
189.948
228.323
208.978
170.269
340.431
285.424
154.298
110.485
92.289
102.945
95.7886
102.642
121.697
170.689
77.9523
70.526
62.2511
61.8928
60.5045
64.2348
69.7538
60.4387
61.739
67.0144
65.4649
94.89
95.944
101.444
114.646
137.944
178.194
114.74
136.921
149.902
140.73
117.97
191.722
243.968
300.013
253.499
266.605
285.326
224.959
262.358
224.109
216.126
240.837
295.716
315.056
558.918
476.221
200.796
265.014
231.771
274.496
253.618
279.014
505.168
566.781
575.997
571.81
604.295
673.739
1392.4
1039.16
859.819
462.209
377.265
407.03
302.5
527
495.012
482.598
502.709
448.268
409.956
402.726
403.792
410.417
362.739
372.392
384.378
343.559
352.063
310.345
308.622
278.371
270.361
273.586
227.732
259.268
242.215
212.567
205.089
262.908
157.461
175.932
188.239
145.775
144.582
169.313
139.239
148.669
147.549
129.791
174.608
164.246
144.013
138.445
116.95
175.975
177.465
171.312
204.776
242.738
98.0578
139.475
66.6923
62.4678
60.7338
67.0291
71.7985
61.5
62.7018
65.5
68.5526
85.9969
89.4629
112.018
103.82
117.569
142.817
132.973
168.797
150.545
168.176
136.901
145.968
171.98
273.736
297.368
280.579
300.9
233.809
264.458
249.63
274.971
267.853
299.965
332.979
505.848
560.467
521.472
590.342
250.082
225.085
256.501
224.989
319.109
476.046
468.385
626.177
1184.32
1097.13
762.542
1161.21
1155.01
949.703
766.815
376.315
350
